0.000000	0.000000
0.000000	0.000000
0.001000	-0.000000
0.001000	-0.000000
0.002000	-0.000000
0.002000	-0.000000
0.003000	-0.000000
0.003000	-0.000000
0.004000	-0.000000
0.004000	-0.000000
0.005000	-0.000000
0.005000	-0.000000
0.006000	-0.000000
0.006000	-0.000000
0.007000	-0.000000
0.007000	-0.000000
0.008000	-0.000000
0.008000	-0.000000
0.009000	-0.000000
0.009000	-0.000000
0.010000	-0.000000
0.010000	-0.000000
0.011000	-0.000000
0.011000	-0.000000
0.012000	-0.000000
0.012000	-0.000000
0.013000	-0.000000
0.013000	-0.000000
0.014000	-0.000000
0.014000	-0.000000
0.015000	-0.000000
0.015000	-0.000000
0.016000	-0.000000
0.016000	-0.000000
0.017000	-0.000000
0.017000	-0.000000
0.018000	-0.000000
0.018000	-0.000000
0.019000	-0.000000
0.019000	-0.000000
0.020000	-0.000000
0.020000	-0.000000
0.021000	-0.000000
0.021000	-0.000000
0.022000	-0.000000
0.022000	-0.000000
0.023000	-0.000000
0.023000	-0.000000
0.024000	-0.000000
0.024000	-0.000000
0.025000	-0.000000
0.025000	-0.000000
0.026000	-0.000000
0.026000	-0.000000
0.027000	-0.000000
0.027000	-0.000000
0.028000	-0.000000
0.028000	-0.000000
0.029000	-0.000000
0.029000	-0.000000
0.030000	-0.000000
0.030000	-0.000000
0.031000	-0.000000
0.031000	-0.000000
0.032000	-0.000000
0.032000	-0.000000
0.033000	-0.000000
0.033000	-0.000000
0.034000	-0.000000
0.034000	-0.000000
0.035000	-0.000000
0.035000	-0.000000
0.036000	-0.000000
0.036000	-0.000000
0.037000	-0.000000
0.037000	-0.000000
0.038000	-0.000000
0.038000	-0.000000
0.039000	-0.000000
0.039000	-0.000000
0.040000	-0.000000
0.040000	-0.000000
0.041000	-0.000000
0.041000	-0.000000
0.042000	-0.000000
0.042000	-0.000000
0.043000	-0.000000
0.043000	-0.000000
0.044000	-0.000000
0.044000	-0.000000
0.045000	0.000000
0.045000	0.000000
0.046000	0.000000
0.046000	0.000000
0.047000	0.000000
0.047000	0.000000
0.048000	0.000000
0.048000	0.000000
0.049000	0.000000
0.049000	0.000000
0.050000	0.000000
0.050000	0.000000
0.051000	0.000000
0.051000	0.000000
0.052000	0.000000
0.052000	0.000000
0.053000	0.000000
0.053000	0.000000
0.054000	0.000000
0.054000	0.000000
0.055000	0.000000
0.055000	0.000000
0.056000	0.000000
0.056000	0.000000
0.057000	0.000000
0.057000	0.000000
0.058000	0.000000
0.058000	0.000000
0.059000	0.000000
0.059000	0.000000
0.060000	0.000000
0.060000	0.000000
0.061000	0.000000
0.061000	0.000000
0.062000	0.000000
0.062000	0.000000
0.063000	0.000000
0.063000	0.000000
0.064000	0.000000
0.064000	0.000000
0.065000	0.000000
0.065000	0.000000
0.066000	0.000000
0.066000	0.000000
0.067000	0.000000
0.067000	0.000000
0.068000	0.000000
0.068000	0.000000
0.069000	0.000000
0.069000	0.000000
0.070000	0.000000
0.070000	0.000000
0.071000	0.000000
0.071000	0.000000
0.072000	0.000000
0.072000	0.000000
0.073000	0.000000
0.073000	0.000000
0.074000	0.000000
0.074000	0.000000
0.075000	0.000000
0.075000	0.000000
0.076000	0.000000
0.076000	0.000000
0.077000	0.000000
0.077000	0.000000
0.078000	0.000000
0.078000	0.000000
0.079000	0.000000
0.079000	0.000000
0.080000	0.000000
0.080000	0.000000
0.081000	0.000000
0.081000	0.000000
0.082000	0.000000
0.082000	0.000000
0.083000	0.000000
0.083000	0.000000
0.084000	0.000000
0.084000	0.000000
0.085000	0.000000
0.085000	0.000000
0.086000	0.000000
0.086000	0.000000
0.087000	0.000000
0.087000	0.000000
0.088000	0.000000
0.088000	0.000000
0.089000	0.000000
0.089000	0.000000
0.090000	0.000000
0.090000	0.000000
0.091000	0.000000
0.091000	0.000000
0.092000	0.000000
0.092000	0.000000
0.093000	0.000000
0.093000	0.000000
0.094000	0.000000
0.094000	0.000000
0.095000	0.000000
0.095000	0.000000
0.096000	0.000000
0.096000	0.000000
0.097000	0.000000
0.097000	0.000000
0.098000	0.000000
0.098000	0.000000
0.099000	0.000000
0.099000	0.000000
0.100000	1.260639
0.100000	1.260639
0.101000	1.235208
0.101000	1.235208
0.102000	1.196364
0.102000	1.196364
0.103000	1.145967
0.103000	1.145967
0.104000	1.085612
0.104000	1.085612
0.105000	1.016669
0.105000	1.016669
0.106000	0.943078
0.106000	0.943078
0.107000	0.868040
0.107000	0.868040
0.108000	0.793588
0.108000	0.793588
0.109000	0.721216
0.109000	0.721216
0.110000	0.651982
0.110000	0.651982
0.111000	0.586598
0.111000	0.586598
0.112000	0.525507
0.112000	0.525507
0.113000	0.468934
0.113000	0.468934
0.114000	0.416946
0.114000	0.416946
0.115000	0.369487
0.115000	0.369487
0.116000	0.326414
0.116000	0.326414
0.117000	0.287521
0.117000	0.287521
0.118000	0.252563
0.118000	0.252563
0.119000	0.221271
0.119000	0.221271
0.120000	0.193367
0.120000	0.193367
0.121000	0.168569
0.121000	0.168569
0.122000	0.146602
0.122000	0.146602
0.123000	0.127199
0.123000	0.127199
0.124000	0.110111
0.124000	0.110111
0.125000	0.095100
0.125000	0.095100
0.126000	0.081948
0.126000	0.081948
0.127000	0.070452
0.127000	0.070452
0.128000	0.060428
0.128000	0.060428
0.129000	0.051707
0.129000	0.051707
0.130000	0.044138
0.130000	0.044138
0.131000	0.037582
0.131000	0.037582
0.132000	0.031917
0.132000	0.031917
0.133000	0.027032
0.133000	0.027032
0.134000	0.022830
0.134000	0.022830
0.135000	0.019222
0.135000	0.019222
0.136000	0.016133
0.136000	0.016133
0.137000	0.013494
0.137000	0.013494
0.138000	0.011244
0.138000	0.011244
0.139000	0.009332
0.139000	0.009332
0.140000	0.007710
0.140000	0.007710
0.141000	0.006338
0.141000	0.006338
0.142000	0.005181
0.142000	0.005181
0.143000	0.004208
0.143000	0.004208
0.144000	0.003393
0.144000	0.003393
0.145000	0.002712
0.145000	0.002712
0.146000	0.002146
0.146000	0.002146
0.147000	0.001676
0.147000	0.001676
0.148000	0.001288
0.148000	0.001288
0.149000	0.000970
0.149000	0.000970
0.150000	0.000710
0.150000	0.000710
0.151000	0.000499
0.151000	0.000499
0.152000	0.000329
0.152000	0.000329
0.153000	0.000193
0.153000	0.000193
0.154000	0.000086
0.154000	0.000086
0.155000	0.000002
0.155000	0.000002
0.156000	-0.000063
0.156000	-0.000063
0.157000	-0.000112
0.157000	-0.000112
0.158000	-0.000148
0.158000	-0.000148
0.159000	-0.000174
0.159000	-0.000174
0.160000	-0.000191
0.160000	-0.000191
0.161000	-0.000202
0.161000	-0.000202
0.162000	-0.000207
0.162000	-0.000207
0.163000	-0.000209
0.163000	-0.000209
0.164000	-0.000207
0.164000	-0.000207
0.165000	-0.000203
0.165000	-0.000203
0.166000	-0.000197
0.166000	-0.000197
0.167000	-0.000191
0.167000	-0.000191
0.168000	-0.000183
0.168000	-0.000183
0.169000	-0.000175
0.169000	-0.000175
0.170000	-0.000166
0.170000	-0.000166
0.171000	-0.000158
0.171000	-0.000158
0.172000	-0.000150
0.172000	-0.000150
0.173000	-0.000142
0.173000	-0.000142
0.174000	-0.000134
0.174000	-0.000134
0.175000	-0.000127
0.175000	-0.000127
0.176000	-0.000120
0.176000	-0.000120
0.177000	-0.000113
0.177000	-0.000113
0.178000	-0.000107
0.178000	-0.000107
0.179000	-0.000102
0.179000	-0.000102
0.180000	-0.000096
0.180000	-0.000096
0.181000	-0.000091
0.181000	-0.000091
0.182000	-0.000087
0.182000	-0.000087
0.183000	-0.000083
0.183000	-0.000083
0.184000	-0.000079
0.184000	-0.000079
0.185000	-0.000076
0.185000	-0.000076
0.186000	-0.000072
0.186000	-0.000072
0.187000	-0.000069
0.187000	-0.000069
0.188000	-0.000067
0.188000	-0.000067
0.189000	-0.000064
0.189000	-0.000064
0.190000	-0.000062
0.190000	-0.000062
0.191000	-0.000060
0.191000	-0.000060
0.192000	-0.000058
0.192000	-0.000058
0.193000	-0.000056
0.193000	-0.000056
0.194000	-0.000054
0.194000	-0.000054
0.195000	-0.000053
0.195000	-0.000053
0.196000	-0.000051
0.196000	-0.000051
0.197000	-0.000050
0.197000	-0.000050
0.198000	-0.000049
0.198000	-0.000049
0.199000	-0.000048
0.199000	-0.000048
0.200000	-0.000047
0.200000	-0.000047
0.201000	-0.000046
0.201000	-0.000046
0.202000	-0.000045
0.202000	-0.000045
0.203000	-0.000044
0.203000	-0.000044
0.204000	-0.000043
0.204000	-0.000043
0.205000	-0.000042
0.205000	-0.000042
0.206000	-0.000041
0.206000	-0.000041
0.207000	-0.000040
0.207000	-0.000040
0.208000	-0.000040
0.208000	-0.000040
0.209000	-0.000039
0.209000	-0.000039
0.210000	-0.000038
0.210000	-0.000038
0.211000	-0.000038
0.211000	-0.000038
0.212000	-0.000037
0.212000	-0.000037
0.213000	-0.000037
0.213000	-0.000037
0.214000	-0.000036
0.214000	-0.000036
0.215000	-0.000035
0.215000	-0.000035
0.216000	-0.000035
0.216000	-0.000035
0.217000	-0.000034
0.217000	-0.000034
0.218000	-0.000034
0.218000	-0.000034
0.219000	-0.000033
0.219000	-0.000033
0.220000	-0.000033
0.220000	-0.000033
0.221000	-0.000032
0.221000	-0.000032
0.222000	-0.000032
0.222000	-0.000032
0.223000	-0.000032
0.223000	-0.000032
0.224000	-0.000031
0.224000	-0.000031
0.225000	-0.000031
0.225000	-0.000031
0.226000	-0.000030
0.226000	-0.000030
0.227000	-0.000030
0.227000	-0.000030
0.228000	-0.000030
0.228000	-0.000030
0.229000	-0.000029
0.229000	-0.000029
0.230000	-0.000029
0.230000	-0.000029
0.231000	-0.000028
0.231000	-0.000028
0.232000	-0.000028
0.232000	-0.000028
0.233000	-0.000028
0.233000	-0.000028
0.234000	-0.000027
0.234000	-0.000027
0.235000	-0.000027
0.235000	-0.000027
0.236000	-0.000027
0.236000	-0.000027
0.237000	-0.000026
0.237000	-0.000026
0.238000	-0.000026
0.238000	-0.000026
0.239000	-0.000026
0.239000	-0.000026
0.240000	-0.000025
0.240000	-0.000025
0.241000	-0.000025
0.241000	-0.000025
0.242000	-0.000025
0.242000	-0.000025
0.243000	-0.000024
0.243000	-0.000024
0.244000	-0.000024
0.244000	-0.000024
0.245000	-0.000024
0.245000	-0.000024
0.246000	-0.000024
0.246000	-0.000024
0.247000	-0.000023
0.247000	-0.000023
0.248000	-0.000023
0.248000	-0.000023
0.249000	-0.000023
0.249000	-0.000023
0.250000	-0.000022
0.250000	-0.000022
0.251000	-0.000022
0.251000	-0.000022
0.252000	-0.000022
0.252000	-0.000022
0.253000	-0.000022
0.253000	-0.000022
0.254000	-0.000021
0.254000	-0.000021
0.255000	-0.000021
0.255000	-0.000021
0.256000	-0.000021
0.256000	-0.000021
0.257000	-0.000021
0.257000	-0.000021
0.258000	-0.000020
0.258000	-0.000020
0.259000	-0.000020
0.259000	-0.000020
0.260000	-0.000020
0.260000	-0.000020
0.261000	-0.000020
0.261000	-0.000020
0.262000	-0.000020
0.262000	-0.000020
0.263000	-0.000019
0.263000	-0.000019
0.264000	-0.000019
0.264000	-0.000019
0.265000	-0.000019
0.265000	-0.000019
0.266000	-0.000019
0.266000	-0.000019
0.267000	-0.000019
0.267000	-0.000019
0.268000	-0.000018
0.268000	-0.000018
0.269000	-0.000018
0.269000	-0.000018
0.270000	-0.000018
0.270000	-0.000018
0.271000	-0.000018
0.271000	-0.000018
0.272000	-0.000018
0.272000	-0.000018
0.273000	-0.000017
0.273000	-0.000017
0.274000	-0.000017
0.274000	-0.000017
0.275000	-0.000017
0.275000	-0.000017
0.276000	-0.000017
0.276000	-0.000017
0.277000	-0.000017
0.277000	-0.000017
0.278000	-0.000016
0.278000	-0.000016
0.279000	-0.000016
0.279000	-0.000016
0.280000	-0.000016
0.280000	-0.000016
0.281000	-0.000016
0.281000	-0.000016
0.282000	-0.000016
0.282000	-0.000016
0.283000	-0.000016
0.283000	-0.000016
0.284000	-0.000015
0.284000	-0.000015
0.285000	-0.000015
0.285000	-0.000015
0.286000	-0.000015
0.286000	-0.000015
0.287000	-0.000015
0.287000	-0.000015
0.288000	-0.000015
0.288000	-0.000015
0.289000	-0.000015
0.289000	-0.000015
0.290000	-0.000015
0.290000	-0.000015
0.291000	-0.000014
0.291000	-0.000014
0.292000	-0.000014
0.292000	-0.000014
0.293000	-0.000014
0.293000	-0.000014
0.294000	-0.000014
0.294000	-0.000014
0.295000	-0.000014
0.295000	-0.000014
0.296000	-0.000014
0.296000	-0.000014
0.297000	-0.000014
0.297000	-0.000014
0.298000	-0.000013
0.298000	-0.000013
0.299000	-0.000013
0.299000	-0.000013
0.300000	-0.000013
0.300000	-0.000013
0.301000	-0.000013
0.301000	-0.000013
0.302000	-0.000013
0.302000	-0.000013
0.303000	-0.000013
0.303000	-0.000013
0.304000	-0.000013
0.304000	-0.000013
0.305000	-0.000012
0.305000	-0.000012
0.306000	-0.000012
0.306000	-0.000012
0.307000	-0.000012
0.307000	-0.000012
0.308000	-0.000012
0.308000	-0.000012
0.309000	-0.000012
0.309000	-0.000012
0.310000	-0.000012
0.310000	-0.000012
0.311000	-0.000012
0.311000	-0.000012
0.312000	-0.000012
0.312000	-0.000012
0.313000	-0.000012
0.313000	-0.000012
0.314000	-0.000011
0.314000	-0.000011
0.315000	-0.000011
0.315000	-0.000011
0.316000	-0.000011
0.316000	-0.000011
0.317000	-0.000011
0.317000	-0.000011
0.318000	-0.000011
0.318000	-0.000011
0.319000	-0.000011
0.319000	-0.000011
0.320000	-0.000011
0.320000	-0.000011
0.321000	-0.000011
0.321000	-0.000011
0.322000	-0.000010
0.322000	-0.000010
0.323000	-0.000010
0.323000	-0.000010
0.324000	-0.000010
0.324000	-0.000010
0.325000	-0.000010
0.325000	-0.000010
0.326000	-0.000010
0.326000	-0.000010
0.327000	-0.000010
0.327000	-0.000010
0.328000	-0.000010
0.328000	-0.000010
0.329000	-0.000010
0.329000	-0.000010
0.330000	-0.000010
0.330000	-0.000010
0.331000	-0.000010
0.331000	-0.000010
0.332000	-0.000009
0.332000	-0.000009
0.333000	-0.000009
0.333000	-0.000009
0.334000	-0.000009
0.334000	-0.000009
0.335000	-0.000009
0.335000	-0.000009
0.336000	-0.000009
0.336000	-0.000009
0.337000	-0.000009
0.337000	-0.000009
0.338000	-0.000009
0.338000	-0.000009
0.339000	-0.000009
0.339000	-0.000009
0.340000	-0.000009
0.340000	-0.000009
0.341000	-0.000009
0.341000	-0.000009
0.342000	-0.000009
0.342000	-0.000009
0.343000	-0.000008
0.343000	-0.000008
0.344000	-0.000008
0.344000	-0.000008
0.345000	-0.000008
0.345000	-0.000008
0.346000	-0.000008
0.346000	-0.000008
0.347000	-0.000008
0.347000	-0.000008
0.348000	-0.000008
0.348000	-0.000008
0.349000	-0.000008
0.349000	-0.000008
0.350000	-0.000008
0.350000	-0.000008
0.351000	-0.000008
0.351000	-0.000008
0.352000	-0.000008
0.352000	-0.000008
0.353000	-0.000008
0.353000	-0.000008
0.354000	-0.000008
0.354000	-0.000008
0.355000	-0.000008
0.355000	-0.000008
0.356000	-0.000007
0.356000	-0.000007
0.357000	-0.000007
0.357000	-0.000007
0.358000	-0.000007
0.358000	-0.000007
0.359000	-0.000007
0.359000	-0.000007
0.360000	-0.000007
0.360000	-0.000007
0.361000	-0.000007
0.361000	-0.000007
0.362000	-0.000007
0.362000	-0.000007
0.363000	-0.000007
0.363000	-0.000007
0.364000	-0.000007
0.364000	-0.000007
0.365000	-0.000007
0.365000	-0.000007
0.366000	-0.000007
0.366000	-0.000007
0.367000	-0.000007
0.367000	-0.000007
0.368000	-0.000007
0.368000	-0.000007
0.369000	-0.000006
0.369000	-0.000006
0.370000	-0.000006
0.370000	-0.000006
0.371000	-0.000006
0.371000	-0.000006
0.372000	-0.000006
0.372000	-0.000006
0.373000	-0.000006
0.373000	-0.000006
0.374000	-0.000006
0.374000	-0.000006
0.375000	-0.000006
0.375000	-0.000006
0.376000	-0.000006
0.376000	-0.000006
0.377000	-0.000006
0.377000	-0.000006
0.378000	-0.000006
0.378000	-0.000006
0.379000	-0.000006
0.379000	-0.000006
0.380000	-0.000006
0.380000	-0.000006
0.381000	-0.000006
0.381000	-0.000006
0.382000	-0.000006
0.382000	-0.000006
0.383000	-0.000006
0.383000	-0.000006
0.384000	-0.000006
0.384000	-0.000006
0.385000	-0.000005
0.385000	-0.000005
0.386000	-0.000005
0.386000	-0.000005
0.387000	-0.000005
0.387000	-0.000005
0.388000	-0.000005
0.388000	-0.000005
0.389000	-0.000005
0.389000	-0.000005
0.390000	-0.000005
0.390000	-0.000005
0.391000	-0.000005
0.391000	-0.000005
0.392000	-0.000005
0.392000	-0.000005
0.393000	-0.000005
0.393000	-0.000005
0.394000	-0.000005
0.394000	-0.000005
0.395000	-0.000005
0.395000	-0.000005
0.396000	-0.000005
0.396000	-0.000005
0.397000	-0.000005
0.397000	-0.000005
0.398000	-0.000005
0.398000	-0.000005
0.399000	-0.000005
0.399000	-0.000005
0.400000	-0.000005
0.400000	-0.000005
0.401000	-0.000005
0.401000	-0.000005
0.402000	-0.000005
0.402000	-0.000005
0.403000	-0.000004
0.403000	-0.000004
0.404000	-0.000004
0.404000	-0.000004
0.405000	-0.000004
0.405000	-0.000004
0.406000	-0.000004
0.406000	-0.000004
0.407000	-0.000004
0.407000	-0.000004
0.408000	-0.000004
0.408000	-0.000004
0.409000	-0.000004
0.409000	-0.000004
0.410000	-0.000004
0.410000	-0.000004
0.411000	-0.000004
0.411000	-0.000004
0.412000	-0.000004
0.412000	-0.000004
0.413000	-0.000004
0.413000	-0.000004
0.414000	-0.000004
0.414000	-0.000004
0.415000	-0.000004
0.415000	-0.000004
0.416000	-0.000004
0.416000	-0.000004
0.417000	-0.000004
0.417000	-0.000004
0.418000	-0.000004
0.418000	-0.000004
0.419000	-0.000004
0.419000	-0.000004
0.420000	-0.000004
0.420000	-0.000004
0.421000	-0.000004
0.421000	-0.000004
0.422000	-0.000004
0.422000	-0.000004
0.423000	-0.000004
0.423000	-0.000004
0.424000	-0.000004
0.424000	-0.000004
0.425000	-0.000003
0.425000	-0.000003
0.426000	-0.000003
0.426000	-0.000003
0.427000	-0.000003
0.427000	-0.000003
0.428000	-0.000003
0.428000	-0.000003
0.429000	-0.000003
0.429000	-0.000003
0.430000	-0.000003
0.430000	-0.000003
0.431000	-0.000003
0.431000	-0.000003
0.432000	-0.000003
0.432000	-0.000003
0.433000	-0.000003
0.433000	-0.000003
0.434000	-0.000003
0.434000	-0.000003
0.435000	-0.000003
0.435000	-0.000003
0.436000	-0.000003
0.436000	-0.000003
0.437000	-0.000003
0.437000	-0.000003
0.438000	-0.000003
0.438000	-0.000003
0.439000	-0.000003
0.439000	-0.000003
0.440000	-0.000003
0.440000	-0.000003
0.441000	-0.000003
0.441000	-0.000003
0.442000	-0.000003
0.442000	-0.000003
0.443000	-0.000003
0.443000	-0.000003
0.444000	-0.000003
0.444000	-0.000003
0.445000	-0.000003
0.445000	-0.000003
0.446000	-0.000003
0.446000	-0.000003
0.447000	-0.000003
0.447000	-0.000003
0.448000	-0.000003
0.448000	-0.000003
0.449000	-0.000003
0.449000	-0.000003
0.450000	-0.000003
0.450000	-0.000003
0.451000	-0.000003
0.451000	-0.000003
0.452000	-0.000003
0.452000	-0.000003
0.453000	-0.000002
0.453000	-0.000002
0.454000	-0.000002
0.454000	-0.000002
0.455000	-0.000002
0.455000	-0.000002
0.456000	-0.000002
0.456000	-0.000002
0.457000	-0.000002
0.457000	-0.000002
0.458000	-0.000002
0.458000	-0.000002
0.459000	-0.000002
0.459000	-0.000002
0.460000	-0.000002
0.460000	-0.000002
0.461000	-0.000002
0.461000	-0.000002
0.462000	-0.000002
0.462000	-0.000002
0.463000	-0.000002
0.463000	-0.000002
0.464000	-0.000002
0.464000	-0.000002
0.465000	-0.000002
0.465000	-0.000002
0.466000	-0.000002
0.466000	-0.000002
0.467000	-0.000002
0.467000	-0.000002
0.468000	-0.000002
0.468000	-0.000002
0.469000	-0.000002
0.469000	-0.000002
0.470000	-0.000002
0.470000	-0.000002
0.471000	-0.000002
0.471000	-0.000002
0.472000	-0.000002
0.472000	-0.000002
0.473000	-0.000002
0.473000	-0.000002
0.474000	-0.000002
0.474000	-0.000002
0.475000	-0.000002
0.475000	-0.000002
0.476000	-0.000002
0.476000	-0.000002
0.477000	-0.000002
0.477000	-0.000002
0.478000	-0.000002
0.478000	-0.000002
0.479000	-0.000002
0.479000	-0.000002
0.480000	-0.000002
0.480000	-0.000002
0.481000	-0.000002
0.481000	-0.000002
0.482000	-0.000002
0.482000	-0.000002
0.483000	-0.000002
0.483000	-0.000002
0.484000	-0.000002
0.484000	-0.000002
0.485000	-0.000002
0.485000	-0.000002
0.486000	-0.000002
0.486000	-0.000002
0.487000	-0.000002
0.487000	-0.000002
0.488000	-0.000002
0.488000	-0.000002
0.489000	-0.000002
0.489000	-0.000002
0.490000	-0.000001
0.490000	-0.000001
0.491000	-0.000001
0.491000	-0.000001
0.492000	-0.000001
0.492000	-0.000001
0.493000	-0.000001
0.493000	-0.000001
0.494000	-0.000001
0.494000	-0.000001
0.495000	-0.000001
0.495000	-0.000001
0.496000	-0.000001
0.496000	-0.000001
0.497000	-0.000001
0.497000	-0.000001
0.498000	-0.000001
0.498000	-0.000001
0.499000	-0.000001
0.499000	-0.000001
