0.000000	0.000000
0.000000	0.000000
0.001000	0.000000
0.001000	0.000000
0.002000	-0.000000
0.002000	-0.000000
0.003000	-0.000000
0.003000	-0.000000
0.004000	-0.000000
0.004000	-0.000000
0.005000	-0.000000
0.005000	-0.000000
0.006000	-0.000000
0.006000	-0.000000
0.007000	-0.000000
0.007000	-0.000000
0.008000	-0.000000
0.008000	-0.000000
0.009000	-0.000000
0.009000	-0.000000
0.010000	-0.000000
0.010000	-0.000000
0.011000	-0.000000
0.011000	-0.000000
0.012000	-0.000000
0.012000	-0.000000
0.013000	-0.000000
0.013000	-0.000000
0.014000	-0.000000
0.014000	-0.000000
0.015000	-0.000000
0.015000	-0.000000
0.016000	-0.000000
0.016000	-0.000000
0.017000	-0.000000
0.017000	-0.000000
0.018000	-0.000000
0.018000	-0.000000
0.019000	-0.000000
0.019000	-0.000000
0.020000	-0.000000
0.020000	-0.000000
0.021000	-0.000000
0.021000	-0.000000
0.022000	-0.000000
0.022000	-0.000000
0.023000	-0.000000
0.023000	-0.000000
0.024000	-0.000000
0.024000	-0.000000
0.025000	-0.000000
0.025000	-0.000000
0.026000	-0.000000
0.026000	-0.000000
0.027000	-0.000000
0.027000	-0.000000
0.028000	-0.000000
0.028000	-0.000000
0.029000	-0.000000
0.029000	-0.000000
0.030000	-0.000000
0.030000	-0.000000
0.031000	-0.000000
0.031000	-0.000000
0.032000	-0.000000
0.032000	-0.000000
0.033000	-0.000000
0.033000	-0.000000
0.034000	-0.000000
0.034000	-0.000000
0.035000	-0.000000
0.035000	-0.000000
0.036000	-0.000000
0.036000	-0.000000
0.037000	-0.000000
0.037000	-0.000000
0.038000	-0.000000
0.038000	-0.000000
0.039000	-0.000000
0.039000	-0.000000
0.040000	-0.000000
0.040000	-0.000000
0.041000	-0.000000
0.041000	-0.000000
0.042000	-0.000000
0.042000	-0.000000
0.043000	-0.000000
0.043000	-0.000000
0.044000	-0.000000
0.044000	-0.000000
0.045000	-0.000000
0.045000	-0.000000
0.046000	-0.000000
0.046000	-0.000000
0.047000	-0.000000
0.047000	-0.000000
0.048000	-0.000000
0.048000	-0.000000
0.049000	-0.000000
0.049000	-0.000000
0.050000	-0.000000
0.050000	-0.000000
0.051000	-0.000000
0.051000	-0.000000
0.052000	-0.000000
0.052000	-0.000000
0.053000	-0.000000
0.053000	-0.000000
0.054000	-0.000000
0.054000	-0.000000
0.055000	-0.000000
0.055000	-0.000000
0.056000	-0.000000
0.056000	-0.000000
0.057000	-0.000000
0.057000	-0.000000
0.058000	-0.000000
0.058000	-0.000000
0.059000	-0.000000
0.059000	-0.000000
0.060000	-0.000000
0.060000	-0.000000
0.061000	-0.000000
0.061000	-0.000000
0.062000	-0.000000
0.062000	-0.000000
0.063000	-0.000000
0.063000	-0.000000
0.064000	-0.000000
0.064000	-0.000000
0.065000	-0.000000
0.065000	-0.000000
0.066000	-0.000000
0.066000	-0.000000
0.067000	-0.000000
0.067000	-0.000000
0.068000	-0.000000
0.068000	-0.000000
0.069000	-0.000000
0.069000	-0.000000
0.070000	-0.000000
0.070000	-0.000000
0.071000	-0.000000
0.071000	-0.000000
0.072000	-0.000000
0.072000	-0.000000
0.073000	-0.000000
0.073000	-0.000000
0.074000	-0.000000
0.074000	-0.000000
0.075000	-0.000000
0.075000	-0.000000
0.076000	-0.000000
0.076000	-0.000000
0.077000	-0.000000
0.077000	-0.000000
0.078000	-0.000000
0.078000	-0.000000
0.079000	1.020517
0.079000	1.020517
0.080000	0.995086
0.080000	0.995086
0.081000	0.988467
0.081000	0.988467
0.082000	0.971415
0.082000	0.971415
0.083000	0.962126
0.083000	0.962126
0.084000	0.947540
0.084000	0.947540
0.085000	0.937029
0.085000	0.937029
0.086000	0.923858
0.086000	0.923858
0.087000	0.912865
0.087000	0.912865
0.088000	0.900566
0.088000	0.900566
0.089000	0.889466
0.089000	0.889466
0.090000	0.877757
0.090000	0.877757
0.091000	0.866739
0.091000	0.866739
0.092000	0.855473
0.092000	0.855473
0.093000	0.844632
0.093000	0.844632
0.094000	0.833726
0.094000	0.833726
0.095000	0.823107
0.095000	0.823107
0.096000	0.812518
0.096000	0.812518
0.097000	0.802141
0.097000	0.802141
0.098000	0.791842
0.098000	0.791842
0.099000	0.781714
0.099000	0.781714
0.100000	0.771687
0.100000	0.771687
0.101000	0.761810
0.101000	0.761810
0.102000	0.752044
0.102000	0.752044
0.103000	0.742414
0.103000	0.742414
0.104000	0.732900
0.104000	0.732900
0.105000	0.723513
0.105000	0.723513
0.106000	0.714242
0.106000	0.714242
0.107000	0.705094
0.107000	0.705094
0.108000	0.696060
0.108000	0.696060
0.109000	0.687143
0.109000	0.687143
0.110000	0.678340
0.110000	0.678340
0.111000	0.669650
0.111000	0.669650
0.112000	0.661071
0.112000	0.661071
0.113000	0.652602
0.113000	0.652602
0.114000	0.644241
0.114000	0.644241
0.115000	0.635988
0.115000	0.635988
0.116000	0.627840
0.116000	0.627840
0.117000	0.619797
0.117000	0.619797
0.118000	0.611857
0.118000	0.611857
0.119000	0.604018
0.119000	0.604018
0.120000	0.596280
0.120000	0.596280
0.121000	0.588641
0.121000	0.588641
0.122000	0.581100
0.122000	0.581100
0.123000	0.573656
0.123000	0.573656
0.124000	0.566307
0.124000	0.566307
0.125000	0.559052
0.125000	0.559052
0.126000	0.551890
0.126000	0.551890
0.127000	0.544820
0.127000	0.544820
0.128000	0.537840
0.128000	0.537840
0.129000	0.530950
0.129000	0.530950
0.130000	0.524148
0.130000	0.524148
0.131000	0.517433
0.131000	0.517433
0.132000	0.510805
0.132000	0.510805
0.133000	0.504261
0.133000	0.504261
0.134000	0.497801
0.134000	0.497801
0.135000	0.491424
0.135000	0.491424
0.136000	0.485128
0.136000	0.485128
0.137000	0.478913
0.137000	0.478913
0.138000	0.472778
0.138000	0.472778
0.139000	0.466721
0.139000	0.466721
0.140000	0.460742
0.140000	0.460742
0.141000	0.454840
0.141000	0.454840
0.142000	0.449013
0.142000	0.449013
0.143000	0.443261
0.143000	0.443261
0.144000	0.437583
0.144000	0.437583
0.145000	0.431977
0.145000	0.431977
0.146000	0.426443
0.146000	0.426443
0.147000	0.420980
0.147000	0.420980
0.148000	0.415587
0.148000	0.415587
0.149000	0.410263
0.149000	0.410263
0.150000	0.405007
0.150000	0.405007
0.151000	0.399819
0.151000	0.399819
0.152000	0.394697
0.152000	0.394697
0.153000	0.389641
0.153000	0.389641
0.154000	0.384649
0.154000	0.384649
0.155000	0.379722
0.155000	0.379722
0.156000	0.374857
0.156000	0.374857
0.157000	0.370055
0.157000	0.370055
0.158000	0.365314
0.158000	0.365314
0.159000	0.360634
0.159000	0.360634
0.160000	0.356015
0.160000	0.356015
0.161000	0.351454
0.161000	0.351454
0.162000	0.346951
0.162000	0.346951
0.163000	0.342507
0.163000	0.342507
0.164000	0.338119
0.164000	0.338119
0.165000	0.333788
0.165000	0.333788
0.166000	0.329512
0.166000	0.329512
0.167000	0.325290
0.167000	0.325290
0.168000	0.321123
0.168000	0.321123
0.169000	0.317010
0.169000	0.317010
0.170000	0.312949
0.170000	0.312949
0.171000	0.308940
0.171000	0.308940
0.172000	0.304982
0.172000	0.304982
0.173000	0.301075
0.173000	0.301075
0.174000	0.297218
0.174000	0.297218
0.175000	0.293410
0.175000	0.293410
0.176000	0.289652
0.176000	0.289652
0.177000	0.285941
0.177000	0.285941
0.178000	0.282278
0.178000	0.282278
0.179000	0.278662
0.179000	0.278662
0.180000	0.275092
0.180000	0.275092
0.181000	0.271568
0.181000	0.271568
0.182000	0.268089
0.182000	0.268089
0.183000	0.264655
0.183000	0.264655
0.184000	0.261265
0.184000	0.261265
0.185000	0.257918
0.185000	0.257918
0.186000	0.254614
0.186000	0.254614
0.187000	0.251352
0.187000	0.251352
0.188000	0.248132
0.188000	0.248132
0.189000	0.244953
0.189000	0.244953
0.190000	0.241815
0.190000	0.241815
0.191000	0.238718
0.191000	0.238718
0.192000	0.235659
0.192000	0.235659
0.193000	0.232641
0.193000	0.232641
0.194000	0.229660
0.194000	0.229660
0.195000	0.226718
0.195000	0.226718
0.196000	0.223814
0.196000	0.223814
0.197000	0.220947
0.197000	0.220947
0.198000	0.218116
0.198000	0.218116
0.199000	0.215322
0.199000	0.215322
0.200000	0.212564
0.200000	0.212564
0.201000	0.209841
0.201000	0.209841
0.202000	0.207153
0.202000	0.207153
0.203000	0.204499
0.203000	0.204499
0.204000	0.201879
0.204000	0.201879
0.205000	0.199293
0.205000	0.199293
0.206000	0.196740
0.206000	0.196740
0.207000	0.194220
0.207000	0.194220
0.208000	0.191732
0.208000	0.191732
0.209000	0.189275
0.209000	0.189275
0.210000	0.186851
0.210000	0.186851
0.211000	0.184457
0.211000	0.184457
0.212000	0.182094
0.212000	0.182094
0.213000	0.179761
0.213000	0.179761
0.214000	0.177458
0.214000	0.177458
0.215000	0.175185
0.215000	0.175185
0.216000	0.172941
0.216000	0.172941
0.217000	0.170725
0.217000	0.170725
0.218000	0.168538
0.218000	0.168538
0.219000	0.166379
0.219000	0.166379
0.220000	0.164248
0.220000	0.164248
0.221000	0.162144
0.221000	0.162144
0.222000	0.160067
0.222000	0.160067
0.223000	0.158016
0.223000	0.158016
0.224000	0.155992
0.224000	0.155992
0.225000	0.153993
0.225000	0.153993
0.226000	0.152021
0.226000	0.152021
0.227000	0.150073
0.227000	0.150073
0.228000	0.148151
0.228000	0.148151
0.229000	0.146253
0.229000	0.146253
0.230000	0.144379
0.230000	0.144379
0.231000	0.142530
0.231000	0.142530
0.232000	0.140704
0.232000	0.140704
0.233000	0.138901
0.233000	0.138901
0.234000	0.137122
0.234000	0.137122
0.235000	0.135365
0.235000	0.135365
0.236000	0.133631
0.236000	0.133631
0.237000	0.131919
0.237000	0.131919
0.238000	0.130229
0.238000	0.130229
0.239000	0.128561
0.239000	0.128561
0.240000	0.126914
0.240000	0.126914
0.241000	0.125288
0.241000	0.125288
0.242000	0.123683
0.242000	0.123683
0.243000	0.122098
0.243000	0.122098
0.244000	0.120534
0.244000	0.120534
0.245000	0.118990
0.245000	0.118990
0.246000	0.117466
0.246000	0.117466
0.247000	0.115961
0.247000	0.115961
0.248000	0.114475
0.248000	0.114475
0.249000	0.113009
0.249000	0.113009
0.250000	0.111561
0.250000	0.111561
0.251000	0.110132
0.251000	0.110132
0.252000	0.108721
0.252000	0.108721
0.253000	0.107328
0.253000	0.107328
0.254000	0.105953
0.254000	0.105953
0.255000	0.104596
0.255000	0.104596
0.256000	0.103256
0.256000	0.103256
0.257000	0.101933
0.257000	0.101933
0.258000	0.100627
0.258000	0.100627
0.259000	0.099338
0.259000	0.099338
0.260000	0.098066
0.260000	0.098066
0.261000	0.096809
0.261000	0.096809
0.262000	0.095569
0.262000	0.095569
0.263000	0.094345
0.263000	0.094345
0.264000	0.093136
0.264000	0.093136
0.265000	0.091943
0.265000	0.091943
0.266000	0.090765
0.266000	0.090765
0.267000	0.089602
0.267000	0.089602
0.268000	0.088454
0.268000	0.088454
0.269000	0.087321
0.269000	0.087321
0.270000	0.086203
0.270000	0.086203
0.271000	0.085098
0.271000	0.085098
0.272000	0.084008
0.272000	0.084008
0.273000	0.082932
0.273000	0.082932
0.274000	0.081869
0.274000	0.081869
0.275000	0.080820
0.275000	0.080820
0.276000	0.079785
0.276000	0.079785
0.277000	0.078763
0.277000	0.078763
0.278000	0.077754
0.278000	0.077754
0.279000	0.076758
0.279000	0.076758
0.280000	0.075774
0.280000	0.075774
0.281000	0.074804
0.281000	0.074804
0.282000	0.073845
0.282000	0.073845
0.283000	0.072899
0.283000	0.072899
0.284000	0.071965
0.284000	0.071965
0.285000	0.071043
0.285000	0.071043
0.286000	0.070133
0.286000	0.070133
0.287000	0.069235
0.287000	0.069235
0.288000	0.068348
0.288000	0.068348
0.289000	0.067472
0.289000	0.067472
0.290000	0.066608
0.290000	0.066608
0.291000	0.065754
0.291000	0.065754
0.292000	0.064912
0.292000	0.064912
0.293000	0.064080
0.293000	0.064080
0.294000	0.063259
0.294000	0.063259
0.295000	0.062449
0.295000	0.062449
0.296000	0.061649
0.296000	0.061649
0.297000	0.060859
0.297000	0.060859
0.298000	0.060079
0.298000	0.060079
0.299000	0.059310
0.299000	0.059310
0.300000	0.058550
0.300000	0.058550
0.301000	0.057800
0.301000	0.057800
0.302000	0.057059
0.302000	0.057059
0.303000	0.056328
0.303000	0.056328
0.304000	0.055607
0.304000	0.055607
0.305000	0.054894
0.305000	0.054894
0.306000	0.054191
0.306000	0.054191
0.307000	0.053497
0.307000	0.053497
0.308000	0.052811
0.308000	0.052811
0.309000	0.052135
0.309000	0.052135
0.310000	0.051467
0.310000	0.051467
0.311000	0.050807
0.311000	0.050807
0.312000	0.050156
0.312000	0.050156
0.313000	0.049514
0.313000	0.049514
0.314000	0.048880
0.314000	0.048880
0.315000	0.048253
0.315000	0.048253
0.316000	0.047635
0.316000	0.047635
0.317000	0.047025
0.317000	0.047025
0.318000	0.046422
0.318000	0.046422
0.319000	0.045828
0.319000	0.045828
0.320000	0.045240
0.320000	0.045240
0.321000	0.044661
0.321000	0.044661
0.322000	0.044089
0.322000	0.044089
0.323000	0.043524
0.323000	0.043524
0.324000	0.042966
0.324000	0.042966
0.325000	0.042416
0.325000	0.042416
0.326000	0.041872
0.326000	0.041872
0.327000	0.041336
0.327000	0.041336
0.328000	0.040806
0.328000	0.040806
0.329000	0.040283
0.329000	0.040283
0.330000	0.039767
0.330000	0.039767
0.331000	0.039258
0.331000	0.039258
0.332000	0.038755
0.332000	0.038755
0.333000	0.038258
0.333000	0.038258
0.334000	0.037768
0.334000	0.037768
0.335000	0.037284
0.335000	0.037284
0.336000	0.036807
0.336000	0.036807
0.337000	0.036335
0.337000	0.036335
0.338000	0.035869
0.338000	0.035869
0.339000	0.035410
0.339000	0.035410
0.340000	0.034956
0.340000	0.034956
0.341000	0.034508
0.341000	0.034508
0.342000	0.034066
0.342000	0.034066
0.343000	0.033630
0.343000	0.033630
0.344000	0.033199
0.344000	0.033199
0.345000	0.032774
0.345000	0.032774
0.346000	0.032354
0.346000	0.032354
0.347000	0.031939
0.347000	0.031939
0.348000	0.031530
0.348000	0.031530
0.349000	0.031126
0.349000	0.031126
0.350000	0.030727
0.350000	0.030727
0.351000	0.030333
0.351000	0.030333
0.352000	0.029945
0.352000	0.029945
0.353000	0.029561
0.353000	0.029561
0.354000	0.029182
0.354000	0.029182
0.355000	0.028809
0.355000	0.028809
0.356000	0.028439
0.356000	0.028439
0.357000	0.028075
0.357000	0.028075
0.358000	0.027715
0.358000	0.027715
0.359000	0.027360
0.359000	0.027360
0.360000	0.027010
0.360000	0.027010
0.361000	0.026664
0.361000	0.026664
0.362000	0.026322
0.362000	0.026322
0.363000	0.025985
0.363000	0.025985
0.364000	0.025652
0.364000	0.025652
0.365000	0.025323
0.365000	0.025323
0.366000	0.024999
0.366000	0.024999
0.367000	0.024678
0.367000	0.024678
0.368000	0.024362
0.368000	0.024362
0.369000	0.024050
0.369000	0.024050
0.370000	0.023742
0.370000	0.023742
0.371000	0.023438
0.371000	0.023438
0.372000	0.023137
0.372000	0.023137
0.373000	0.022841
0.373000	0.022841
0.374000	0.022548
0.374000	0.022548
0.375000	0.022259
0.375000	0.022259
0.376000	0.021974
0.376000	0.021974
0.377000	0.021693
0.377000	0.021693
0.378000	0.021415
0.378000	0.021415
0.379000	0.021140
0.379000	0.021140
0.380000	0.020869
0.380000	0.020869
0.381000	0.020602
0.381000	0.020602
0.382000	0.020338
0.382000	0.020338
0.383000	0.020077
0.383000	0.020077
0.384000	0.019820
0.384000	0.019820
0.385000	0.019566
0.385000	0.019566
0.386000	0.019316
0.386000	0.019316
0.387000	0.019068
0.387000	0.019068
0.388000	0.018824
0.388000	0.018824
0.389000	0.018583
0.389000	0.018583
0.390000	0.018344
0.390000	0.018344
0.391000	0.018109
0.391000	0.018109
0.392000	0.017877
0.392000	0.017877
0.393000	0.017648
0.393000	0.017648
0.394000	0.017422
0.394000	0.017422
0.395000	0.017199
0.395000	0.017199
0.396000	0.016979
0.396000	0.016979
0.397000	0.016761
0.397000	0.016761
0.398000	0.016546
0.398000	0.016546
0.399000	0.016334
0.399000	0.016334
0.400000	0.016125
0.400000	0.016125
0.401000	0.015918
0.401000	0.015918
0.402000	0.015714
0.402000	0.015714
0.403000	0.015513
0.403000	0.015513
0.404000	0.015314
0.404000	0.015314
0.405000	0.015118
0.405000	0.015118
0.406000	0.014924
0.406000	0.014924
0.407000	0.014733
0.407000	0.014733
0.408000	0.014544
0.408000	0.014544
0.409000	0.014358
0.409000	0.014358
0.410000	0.014174
0.410000	0.014174
0.411000	0.013992
0.411000	0.013992
0.412000	0.013813
0.412000	0.013813
0.413000	0.013636
0.413000	0.013636
0.414000	0.013461
0.414000	0.013461
0.415000	0.013289
0.415000	0.013289
0.416000	0.013119
0.416000	0.013119
0.417000	0.012950
0.417000	0.012950
0.418000	0.012784
0.418000	0.012784
0.419000	0.012621
0.419000	0.012621
0.420000	0.012459
0.420000	0.012459
0.421000	0.012299
0.421000	0.012299
0.422000	0.012142
0.422000	0.012142
0.423000	0.011986
0.423000	0.011986
0.424000	0.011833
0.424000	0.011833
0.425000	0.011681
0.425000	0.011681
0.426000	0.011531
0.426000	0.011531
0.427000	0.011383
0.427000	0.011383
0.428000	0.011238
0.428000	0.011238
0.429000	0.011094
0.429000	0.011094
0.430000	0.010951
0.430000	0.010951
0.431000	0.010811
0.431000	0.010811
0.432000	0.010673
0.432000	0.010673
0.433000	0.010536
0.433000	0.010536
0.434000	0.010401
0.434000	0.010401
0.435000	0.010268
0.435000	0.010268
0.436000	0.010136
0.436000	0.010136
0.437000	0.010006
0.437000	0.010006
0.438000	0.009878
0.438000	0.009878
0.439000	0.009751
0.439000	0.009751
0.440000	0.009626
0.440000	0.009626
0.441000	0.009503
0.441000	0.009503
0.442000	0.009381
0.442000	0.009381
0.443000	0.009261
0.443000	0.009261
0.444000	0.009142
0.444000	0.009142
0.445000	0.009025
0.445000	0.009025
0.446000	0.008910
0.446000	0.008910
0.447000	0.008795
0.447000	0.008795
0.448000	0.008683
0.448000	0.008683
0.449000	0.008571
0.449000	0.008571
0.450000	0.008462
0.450000	0.008462
0.451000	0.008353
0.451000	0.008353
0.452000	0.008246
0.452000	0.008246
0.453000	0.008140
0.453000	0.008140
0.454000	0.008036
0.454000	0.008036
0.455000	0.007933
0.455000	0.007933
0.456000	0.007831
0.456000	0.007831
0.457000	0.007731
0.457000	0.007731
0.458000	0.007632
0.458000	0.007632
0.459000	0.007534
0.459000	0.007534
0.460000	0.007438
0.460000	0.007438
0.461000	0.007342
0.461000	0.007342
0.462000	0.007248
0.462000	0.007248
0.463000	0.007155
0.463000	0.007155
0.464000	0.007064
0.464000	0.007064
0.465000	0.006973
0.465000	0.006973
0.466000	0.006884
0.466000	0.006884
0.467000	0.006796
0.467000	0.006796
0.468000	0.006708
0.468000	0.006708
0.469000	0.006623
0.469000	0.006623
0.470000	0.006538
0.470000	0.006538
0.471000	0.006454
0.471000	0.006454
0.472000	0.006371
0.472000	0.006371
0.473000	0.006290
0.473000	0.006290
0.474000	0.006209
0.474000	0.006209
0.475000	0.006129
0.475000	0.006129
0.476000	0.006051
0.476000	0.006051
0.477000	0.005973
0.477000	0.005973
0.478000	0.005897
0.478000	0.005897
0.479000	0.005821
0.479000	0.005821
0.480000	0.005747
0.480000	0.005747
0.481000	0.005673
0.481000	0.005673
0.482000	0.005600
0.482000	0.005600
0.483000	0.005528
0.483000	0.005528
0.484000	0.005458
0.484000	0.005458
0.485000	0.005388
0.485000	0.005388
0.486000	0.005319
0.486000	0.005319
0.487000	0.005250
0.487000	0.005250
0.488000	0.005183
0.488000	0.005183
0.489000	0.005117
0.489000	0.005117
0.490000	0.005051
0.490000	0.005051
0.491000	0.004986
0.491000	0.004986
0.492000	0.004923
0.492000	0.004923
0.493000	0.004859
0.493000	0.004859
0.494000	0.004797
0.494000	0.004797
0.495000	0.004736
0.495000	0.004736
0.496000	0.004675
0.496000	0.004675
0.497000	0.004615
0.497000	0.004615
0.498000	0.004556
0.498000	0.004556
0.499000	0.004498
0.499000	0.004498
0.500000	0.004440
0.500000	0.004440
0.501000	0.004383
0.501000	0.004383
0.502000	0.004327
0.502000	0.004327
0.503000	0.004271
0.503000	0.004271
0.504000	0.004217
0.504000	0.004217
0.505000	0.004163
0.505000	0.004163
0.506000	0.004109
0.506000	0.004109
0.507000	0.004057
0.507000	0.004057
0.508000	0.004005
0.508000	0.004005
0.509000	0.003953
0.509000	0.003953
0.510000	0.003903
0.510000	0.003903
0.511000	0.003853
0.511000	0.003853
0.512000	0.003803
0.512000	0.003803
0.513000	0.003754
0.513000	0.003754
0.514000	0.003706
0.514000	0.003706
0.515000	0.003659
0.515000	0.003659
0.516000	0.003612
0.516000	0.003612
0.517000	0.003566
0.517000	0.003566
0.518000	0.003520
0.518000	0.003520
0.519000	0.003475
0.519000	0.003475
0.520000	0.003430
0.520000	0.003430
0.521000	0.003386
0.521000	0.003386
0.522000	0.003343
0.522000	0.003343
0.523000	0.003300
0.523000	0.003300
0.524000	0.003258
0.524000	0.003258
0.525000	0.003216
0.525000	0.003216
0.526000	0.003175
0.526000	0.003175
0.527000	0.003134
0.527000	0.003134
0.528000	0.003094
0.528000	0.003094
0.529000	0.003054
0.529000	0.003054
0.530000	0.003015
0.530000	0.003015
0.531000	0.002977
0.531000	0.002977
0.532000	0.002938
0.532000	0.002938
0.533000	0.002901
0.533000	0.002901
0.534000	0.002864
0.534000	0.002864
0.535000	0.002827
0.535000	0.002827
0.536000	0.002791
0.536000	0.002791
0.537000	0.002755
0.537000	0.002755
0.538000	0.002720
0.538000	0.002720
0.539000	0.002685
0.539000	0.002685
0.540000	0.002650
0.540000	0.002650
0.541000	0.002616
0.541000	0.002616
0.542000	0.002583
0.542000	0.002583
0.543000	0.002550
0.543000	0.002550
0.544000	0.002517
0.544000	0.002517
0.545000	0.002485
0.545000	0.002485
0.546000	0.002453
0.546000	0.002453
0.547000	0.002421
0.547000	0.002421
0.548000	0.002390
0.548000	0.002390
0.549000	0.002360
0.549000	0.002360
0.550000	0.002330
0.550000	0.002330
0.551000	0.002300
0.551000	0.002300
0.552000	0.002270
0.552000	0.002270
0.553000	0.002241
0.553000	0.002241
0.554000	0.002212
0.554000	0.002212
0.555000	0.002184
0.555000	0.002184
0.556000	0.002156
0.556000	0.002156
0.557000	0.002128
0.557000	0.002128
0.558000	0.002101
0.558000	0.002101
0.559000	0.002074
0.559000	0.002074
0.560000	0.002048
0.560000	0.002048
0.561000	0.002021
0.561000	0.002021
0.562000	0.001995
0.562000	0.001995
0.563000	0.001970
0.563000	0.001970
0.564000	0.001945
0.564000	0.001945
0.565000	0.001920
0.565000	0.001920
0.566000	0.001895
0.566000	0.001895
0.567000	0.001871
0.567000	0.001871
0.568000	0.001847
0.568000	0.001847
0.569000	0.001823
0.569000	0.001823
0.570000	0.001800
0.570000	0.001800
0.571000	0.001777
0.571000	0.001777
0.572000	0.001754
0.572000	0.001754
0.573000	0.001731
0.573000	0.001731
0.574000	0.001709
0.574000	0.001709
0.575000	0.001687
0.575000	0.001687
0.576000	0.001666
0.576000	0.001666
0.577000	0.001644
0.577000	0.001644
0.578000	0.001623
0.578000	0.001623
0.579000	0.001603
0.579000	0.001603
0.580000	0.001582
0.580000	0.001582
0.581000	0.001562
0.581000	0.001562
0.582000	0.001542
0.582000	0.001542
0.583000	0.001522
0.583000	0.001522
0.584000	0.001502
0.584000	0.001502
0.585000	0.001483
0.585000	0.001483
0.586000	0.001464
0.586000	0.001464
0.587000	0.001445
0.587000	0.001445
0.588000	0.001427
0.588000	0.001427
0.589000	0.001409
0.589000	0.001409
0.590000	0.001390
0.590000	0.001390
0.591000	0.001373
0.591000	0.001373
0.592000	0.001355
0.592000	0.001355
0.593000	0.001338
0.593000	0.001338
0.594000	0.001321
0.594000	0.001321
0.595000	0.001304
0.595000	0.001304
0.596000	0.001287
0.596000	0.001287
0.597000	0.001270
0.597000	0.001270
0.598000	0.001254
0.598000	0.001254
0.599000	0.001238
0.599000	0.001238
0.600000	0.001222
0.600000	0.001222
0.601000	0.001207
0.601000	0.001207
0.602000	0.001191
0.602000	0.001191
0.603000	0.001176
0.603000	0.001176
0.604000	0.001161
0.604000	0.001161
0.605000	0.001146
0.605000	0.001146
0.606000	0.001131
0.606000	0.001131
0.607000	0.001117
0.607000	0.001117
0.608000	0.001102
0.608000	0.001102
0.609000	0.001088
0.609000	0.001088
0.610000	0.001074
0.610000	0.001074
0.611000	0.001061
0.611000	0.001061
0.612000	0.001047
0.612000	0.001047
0.613000	0.001033
0.613000	0.001033
0.614000	0.001020
0.614000	0.001020
0.615000	0.001007
0.615000	0.001007
0.616000	0.000994
0.616000	0.000994
0.617000	0.000982
0.617000	0.000982
0.618000	0.000969
0.618000	0.000969
0.619000	0.000957
0.619000	0.000957
0.620000	0.000944
0.620000	0.000944
0.621000	0.000932
0.621000	0.000932
0.622000	0.000920
0.622000	0.000920
0.623000	0.000908
0.623000	0.000908
0.624000	0.000897
0.624000	0.000897
0.625000	0.000885
0.625000	0.000885
0.626000	0.000874
0.626000	0.000874
0.627000	0.000863
0.627000	0.000863
0.628000	0.000852
0.628000	0.000852
0.629000	0.000841
0.629000	0.000841
0.630000	0.000830
0.630000	0.000830
0.631000	0.000819
0.631000	0.000819
0.632000	0.000809
0.632000	0.000809
0.633000	0.000798
0.633000	0.000798
0.634000	0.000788
0.634000	0.000788
0.635000	0.000778
0.635000	0.000778
0.636000	0.000768
0.636000	0.000768
0.637000	0.000758
0.637000	0.000758
0.638000	0.000749
0.638000	0.000749
0.639000	0.000739
0.639000	0.000739
0.640000	0.000730
0.640000	0.000730
0.641000	0.000720
0.641000	0.000720
0.642000	0.000711
0.642000	0.000711
0.643000	0.000702
0.643000	0.000702
0.644000	0.000693
0.644000	0.000693
0.645000	0.000684
0.645000	0.000684
0.646000	0.000675
0.646000	0.000675
0.647000	0.000667
0.647000	0.000667
0.648000	0.000658
0.648000	0.000658
0.649000	0.000650
0.649000	0.000650
0.650000	0.000641
0.650000	0.000641
0.651000	0.000633
0.651000	0.000633
0.652000	0.000625
0.652000	0.000625
0.653000	0.000617
0.653000	0.000617
0.654000	0.000609
0.654000	0.000609
0.655000	0.000601
0.655000	0.000601
0.656000	0.000593
0.656000	0.000593
0.657000	0.000586
0.657000	0.000586
0.658000	0.000578
0.658000	0.000578
0.659000	0.000571
0.659000	0.000571
0.660000	0.000564
0.660000	0.000564
0.661000	0.000556
0.661000	0.000556
0.662000	0.000549
0.662000	0.000549
0.663000	0.000542
0.663000	0.000542
0.664000	0.000535
0.664000	0.000535
0.665000	0.000528
0.665000	0.000528
0.666000	0.000522
0.666000	0.000522
0.667000	0.000515
0.667000	0.000515
0.668000	0.000508
0.668000	0.000508
0.669000	0.000502
0.669000	0.000502
0.670000	0.000495
0.670000	0.000495
0.671000	0.000489
0.671000	0.000489
0.672000	0.000483
0.672000	0.000483
0.673000	0.000477
0.673000	0.000477
0.674000	0.000470
0.674000	0.000470
0.675000	0.000464
0.675000	0.000464
0.676000	0.000459
0.676000	0.000459
0.677000	0.000453
0.677000	0.000453
0.678000	0.000447
0.678000	0.000447
0.679000	0.000441
0.679000	0.000441
0.680000	0.000435
0.680000	0.000435
0.681000	0.000430
0.681000	0.000430
0.682000	0.000424
0.682000	0.000424
0.683000	0.000419
0.683000	0.000419
0.684000	0.000414
0.684000	0.000414
0.685000	0.000408
0.685000	0.000408
0.686000	0.000403
0.686000	0.000403
0.687000	0.000398
0.687000	0.000398
0.688000	0.000393
0.688000	0.000393
0.689000	0.000388
0.689000	0.000388
0.690000	0.000383
0.690000	0.000383
0.691000	0.000378
0.691000	0.000378
0.692000	0.000373
0.692000	0.000373
0.693000	0.000368
0.693000	0.000368
0.694000	0.000363
0.694000	0.000363
0.695000	0.000359
0.695000	0.000359
0.696000	0.000354
0.696000	0.000354
0.697000	0.000350
0.697000	0.000350
0.698000	0.000345
0.698000	0.000345
0.699000	0.000341
0.699000	0.000341
0.700000	0.000336
0.700000	0.000336
0.701000	0.000332
0.701000	0.000332
0.702000	0.000328
0.702000	0.000328
0.703000	0.000324
0.703000	0.000324
0.704000	0.000320
0.704000	0.000320
0.705000	0.000315
0.705000	0.000315
0.706000	0.000311
0.706000	0.000311
0.707000	0.000307
0.707000	0.000307
0.708000	0.000303
0.708000	0.000303
0.709000	0.000300
0.709000	0.000300
0.710000	0.000296
0.710000	0.000296
0.711000	0.000292
0.711000	0.000292
0.712000	0.000288
0.712000	0.000288
0.713000	0.000284
0.713000	0.000284
0.714000	0.000281
0.714000	0.000281
0.715000	0.000277
0.715000	0.000277
0.716000	0.000274
0.716000	0.000274
0.717000	0.000270
0.717000	0.000270
0.718000	0.000267
0.718000	0.000267
0.719000	0.000263
0.719000	0.000263
0.720000	0.000260
0.720000	0.000260
0.721000	0.000257
0.721000	0.000257
0.722000	0.000253
0.722000	0.000253
0.723000	0.000250
0.723000	0.000250
0.724000	0.000247
0.724000	0.000247
0.725000	0.000244
0.725000	0.000244
0.726000	0.000241
0.726000	0.000241
0.727000	0.000237
0.727000	0.000237
0.728000	0.000234
0.728000	0.000234
0.729000	0.000231
0.729000	0.000231
0.730000	0.000228
0.730000	0.000228
0.731000	0.000226
0.731000	0.000226
0.732000	0.000223
0.732000	0.000223
0.733000	0.000220
0.733000	0.000220
0.734000	0.000217
0.734000	0.000217
0.735000	0.000214
0.735000	0.000214
0.736000	0.000211
0.736000	0.000211
0.737000	0.000209
0.737000	0.000209
0.738000	0.000206
0.738000	0.000206
0.739000	0.000203
0.739000	0.000203
0.740000	0.000201
0.740000	0.000201
0.741000	0.000198
0.741000	0.000198
0.742000	0.000196
0.742000	0.000196
0.743000	0.000193
0.743000	0.000193
0.744000	0.000191
0.744000	0.000191
0.745000	0.000188
0.745000	0.000188
0.746000	0.000186
0.746000	0.000186
0.747000	0.000183
0.747000	0.000183
0.748000	0.000181
0.748000	0.000181
0.749000	0.000179
0.749000	0.000179
0.750000	0.000177
0.750000	0.000177
0.751000	0.000174
0.751000	0.000174
0.752000	0.000172
0.752000	0.000172
0.753000	0.000170
0.753000	0.000170
0.754000	0.000168
0.754000	0.000168
0.755000	0.000166
0.755000	0.000166
0.756000	0.000163
0.756000	0.000163
0.757000	0.000161
0.757000	0.000161
0.758000	0.000159
0.758000	0.000159
0.759000	0.000157
0.759000	0.000157
0.760000	0.000155
0.760000	0.000155
0.761000	0.000153
0.761000	0.000153
0.762000	0.000151
0.762000	0.000151
0.763000	0.000149
0.763000	0.000149
0.764000	0.000147
0.764000	0.000147
0.765000	0.000145
0.765000	0.000145
0.766000	0.000144
0.766000	0.000144
0.767000	0.000142
0.767000	0.000142
0.768000	0.000140
0.768000	0.000140
0.769000	0.000138
0.769000	0.000138
0.770000	0.000136
0.770000	0.000136
0.771000	0.000135
0.771000	0.000135
0.772000	0.000133
0.772000	0.000133
0.773000	0.000131
0.773000	0.000131
0.774000	0.000130
0.774000	0.000130
0.775000	0.000128
0.775000	0.000128
0.776000	0.000126
0.776000	0.000126
0.777000	0.000125
0.777000	0.000125
0.778000	0.000123
0.778000	0.000123
0.779000	0.000121
0.779000	0.000121
0.780000	0.000120
0.780000	0.000120
0.781000	0.000118
0.781000	0.000118
0.782000	0.000117
0.782000	0.000117
0.783000	0.000115
0.783000	0.000115
0.784000	0.000114
0.784000	0.000114
0.785000	0.000112
0.785000	0.000112
0.786000	0.000111
0.786000	0.000111
0.787000	0.000110
0.787000	0.000110
0.788000	0.000108
0.788000	0.000108
0.789000	0.000107
0.789000	0.000107
0.790000	0.000105
0.790000	0.000105
0.791000	0.000104
0.791000	0.000104
0.792000	0.000103
0.792000	0.000103
0.793000	0.000101
0.793000	0.000101
0.794000	0.000100
0.794000	0.000100
0.795000	0.000099
0.795000	0.000099
0.796000	0.000098
0.796000	0.000098
0.797000	0.000096
0.797000	0.000096
0.798000	0.000095
0.798000	0.000095
0.799000	0.000094
0.799000	0.000094
0.800000	0.000093
0.800000	0.000093
0.801000	0.000091
0.801000	0.000091
0.802000	0.000090
0.802000	0.000090
0.803000	0.000089
0.803000	0.000089
0.804000	0.000088
0.804000	0.000088
0.805000	0.000087
0.805000	0.000087
0.806000	0.000086
0.806000	0.000086
0.807000	0.000085
0.807000	0.000085
0.808000	0.000084
0.808000	0.000084
0.809000	0.000083
0.809000	0.000083
0.810000	0.000081
0.810000	0.000081
0.811000	0.000080
0.811000	0.000080
0.812000	0.000079
0.812000	0.000079
0.813000	0.000078
0.813000	0.000078
0.814000	0.000077
0.814000	0.000077
0.815000	0.000076
0.815000	0.000076
0.816000	0.000075
0.816000	0.000075
0.817000	0.000074
0.817000	0.000074
0.818000	0.000073
0.818000	0.000073
0.819000	0.000073
0.819000	0.000073
0.820000	0.000072
0.820000	0.000072
0.821000	0.000071
0.821000	0.000071
0.822000	0.000070
0.822000	0.000070
0.823000	0.000069
0.823000	0.000069
0.824000	0.000068
0.824000	0.000068
0.825000	0.000067
0.825000	0.000067
0.826000	0.000066
0.826000	0.000066
0.827000	0.000065
0.827000	0.000065
0.828000	0.000065
0.828000	0.000065
0.829000	0.000064
0.829000	0.000064
0.830000	0.000063
0.830000	0.000063
0.831000	0.000062
0.831000	0.000062
0.832000	0.000061
0.832000	0.000061
0.833000	0.000061
0.833000	0.000061
0.834000	0.000060
0.834000	0.000060
0.835000	0.000059
0.835000	0.000059
0.836000	0.000058
0.836000	0.000058
0.837000	0.000058
0.837000	0.000058
0.838000	0.000057
0.838000	0.000057
0.839000	0.000056
0.839000	0.000056
0.840000	0.000055
0.840000	0.000055
0.841000	0.000055
0.841000	0.000055
0.842000	0.000054
0.842000	0.000054
0.843000	0.000053
0.843000	0.000053
0.844000	0.000053
0.844000	0.000053
0.845000	0.000052
0.845000	0.000052
0.846000	0.000051
0.846000	0.000051
0.847000	0.000051
0.847000	0.000051
0.848000	0.000050
0.848000	0.000050
0.849000	0.000049
0.849000	0.000049
0.850000	0.000049
0.850000	0.000049
0.851000	0.000048
0.851000	0.000048
0.852000	0.000047
0.852000	0.000047
0.853000	0.000047
0.853000	0.000047
0.854000	0.000046
0.854000	0.000046
0.855000	0.000046
0.855000	0.000046
0.856000	0.000045
0.856000	0.000045
0.857000	0.000044
0.857000	0.000044
0.858000	0.000044
0.858000	0.000044
0.859000	0.000043
0.859000	0.000043
0.860000	0.000043
0.860000	0.000043
0.861000	0.000042
0.861000	0.000042
0.862000	0.000042
0.862000	0.000042
0.863000	0.000041
0.863000	0.000041
0.864000	0.000041
0.864000	0.000041
0.865000	0.000040
0.865000	0.000040
0.866000	0.000040
0.866000	0.000040
0.867000	0.000039
0.867000	0.000039
0.868000	0.000039
0.868000	0.000039
0.869000	0.000038
0.869000	0.000038
0.870000	0.000038
0.870000	0.000038
0.871000	0.000037
0.871000	0.000037
0.872000	0.000037
0.872000	0.000037
0.873000	0.000036
0.873000	0.000036
0.874000	0.000036
0.874000	0.000036
0.875000	0.000035
0.875000	0.000035
0.876000	0.000035
0.876000	0.000035
0.877000	0.000034
0.877000	0.000034
0.878000	0.000034
0.878000	0.000034
0.879000	0.000033
0.879000	0.000033
0.880000	0.000033
0.880000	0.000033
0.881000	0.000033
0.881000	0.000033
0.882000	0.000032
0.882000	0.000032
0.883000	0.000032
0.883000	0.000032
0.884000	0.000031
0.884000	0.000031
0.885000	0.000031
0.885000	0.000031
0.886000	0.000031
0.886000	0.000031
0.887000	0.000030
0.887000	0.000030
0.888000	0.000030
0.888000	0.000030
0.889000	0.000029
0.889000	0.000029
0.890000	0.000029
0.890000	0.000029
0.891000	0.000029
0.891000	0.000029
0.892000	0.000028
0.892000	0.000028
0.893000	0.000028
0.893000	0.000028
0.894000	0.000028
0.894000	0.000028
0.895000	0.000027
0.895000	0.000027
0.896000	0.000027
0.896000	0.000027
0.897000	0.000027
0.897000	0.000027
0.898000	0.000026
0.898000	0.000026
0.899000	0.000026
0.899000	0.000026
0.900000	0.000026
0.900000	0.000026
0.901000	0.000025
0.901000	0.000025
0.902000	0.000025
0.902000	0.000025
0.903000	0.000025
0.903000	0.000025
0.904000	0.000024
0.904000	0.000024
0.905000	0.000024
0.905000	0.000024
0.906000	0.000024
0.906000	0.000024
0.907000	0.000023
0.907000	0.000023
0.908000	0.000023
0.908000	0.000023
0.909000	0.000023
0.909000	0.000023
0.910000	0.000022
0.910000	0.000022
0.911000	0.000022
0.911000	0.000022
0.912000	0.000022
0.912000	0.000022
0.913000	0.000022
0.913000	0.000022
0.914000	0.000021
0.914000	0.000021
0.915000	0.000021
0.915000	0.000021
0.916000	0.000021
0.916000	0.000021
0.917000	0.000021
0.917000	0.000021
0.918000	0.000020
0.918000	0.000020
0.919000	0.000020
0.919000	0.000020
0.920000	0.000020
0.920000	0.000020
0.921000	0.000020
0.921000	0.000020
0.922000	0.000019
0.922000	0.000019
0.923000	0.000019
0.923000	0.000019
0.924000	0.000019
0.924000	0.000019
0.925000	0.000019
0.925000	0.000019
0.926000	0.000018
0.926000	0.000018
0.927000	0.000018
0.927000	0.000018
0.928000	0.000018
0.928000	0.000018
0.929000	0.000018
0.929000	0.000018
0.930000	0.000017
0.930000	0.000017
0.931000	0.000017
0.931000	0.000017
0.932000	0.000017
0.932000	0.000017
0.933000	0.000017
0.933000	0.000017
0.934000	0.000017
0.934000	0.000017
0.935000	0.000016
0.935000	0.000016
0.936000	0.000016
0.936000	0.000016
0.937000	0.000016
0.937000	0.000016
0.938000	0.000016
0.938000	0.000016
0.939000	0.000015
0.939000	0.000015
0.940000	0.000015
0.940000	0.000015
0.941000	0.000015
0.941000	0.000015
0.942000	0.000015
0.942000	0.000015
0.943000	0.000015
0.943000	0.000015
0.944000	0.000015
0.944000	0.000015
0.945000	0.000014
0.945000	0.000014
0.946000	0.000014
0.946000	0.000014
0.947000	0.000014
0.947000	0.000014
0.948000	0.000014
0.948000	0.000014
0.949000	0.000014
0.949000	0.000014
0.950000	0.000013
0.950000	0.000013
0.951000	0.000013
0.951000	0.000013
0.952000	0.000013
0.952000	0.000013
0.953000	0.000013
0.953000	0.000013
0.954000	0.000013
0.954000	0.000013
0.955000	0.000013
0.955000	0.000013
0.956000	0.000012
0.956000	0.000012
0.957000	0.000012
0.957000	0.000012
0.958000	0.000012
0.958000	0.000012
0.959000	0.000012
0.959000	0.000012
0.960000	0.000012
0.960000	0.000012
0.961000	0.000012
0.961000	0.000012
0.962000	0.000012
0.962000	0.000012
0.963000	0.000011
0.963000	0.000011
0.964000	0.000011
0.964000	0.000011
0.965000	0.000011
0.965000	0.000011
0.966000	0.000011
0.966000	0.000011
0.967000	0.000011
0.967000	0.000011
0.968000	0.000011
0.968000	0.000011
0.969000	0.000011
0.969000	0.000011
0.970000	0.000010
0.970000	0.000010
0.971000	0.000010
0.971000	0.000010
0.972000	0.000010
0.972000	0.000010
0.973000	0.000010
0.973000	0.000010
0.974000	0.000010
0.974000	0.000010
0.975000	0.000010
0.975000	0.000010
0.976000	0.000010
0.976000	0.000010
0.977000	0.000009
0.977000	0.000009
0.978000	0.000009
0.978000	0.000009
0.979000	0.000009
0.979000	0.000009
0.980000	0.000009
0.980000	0.000009
0.981000	0.000009
0.981000	0.000009
0.982000	0.000009
0.982000	0.000009
0.983000	0.000009
0.983000	0.000009
0.984000	0.000009
0.984000	0.000009
0.985000	0.000009
0.985000	0.000009
0.986000	0.000008
0.986000	0.000008
0.987000	0.000008
0.987000	0.000008
0.988000	0.000008
0.988000	0.000008
0.989000	0.000008
0.989000	0.000008
0.990000	0.000008
0.990000	0.000008
0.991000	0.000008
0.991000	0.000008
0.992000	0.000008
0.992000	0.000008
0.993000	0.000008
0.993000	0.000008
0.994000	0.000008
0.994000	0.000008
0.995000	0.000008
0.995000	0.000008
0.996000	0.000007
0.996000	0.000007
0.997000	0.000007
0.997000	0.000007
0.998000	0.000007
0.998000	0.000007
0.999000	0.000007
0.999000	0.000007
1.000000	0.000007
1.000000	0.000007
1.001000	0.000007
1.001000	0.000007
1.002000	0.000007
1.002000	0.000007
1.003000	0.000007
1.003000	0.000007
1.004000	0.000007
1.004000	0.000007
1.005000	0.000007
1.005000	0.000007
1.006000	0.000007
1.006000	0.000007
1.007000	0.000006
1.007000	0.000006
1.008000	0.000006
1.008000	0.000006
1.009000	0.000006
1.009000	0.000006
1.010000	0.000006
1.010000	0.000006
1.011000	0.000006
1.011000	0.000006
1.012000	0.000006
1.012000	0.000006
1.013000	0.000006
1.013000	0.000006
1.014000	0.000006
1.014000	0.000006
1.015000	0.000006
1.015000	0.000006
1.016000	0.000006
1.016000	0.000006
1.017000	0.000006
1.017000	0.000006
1.018000	0.000006
1.018000	0.000006
1.019000	0.000006
1.019000	0.000006
1.020000	0.000005
1.020000	0.000005
1.021000	0.000005
1.021000	0.000005
1.022000	0.000005
1.022000	0.000005
1.023000	0.000005
1.023000	0.000005
1.024000	0.000005
1.024000	0.000005
1.025000	0.000005
1.025000	0.000005
1.026000	0.000005
1.026000	0.000005
1.027000	0.000005
1.027000	0.000005
1.028000	0.000005
1.028000	0.000005
1.029000	0.000005
1.029000	0.000005
1.030000	0.000005
1.030000	0.000005
1.031000	0.000005
1.031000	0.000005
1.032000	0.000005
1.032000	0.000005
1.033000	0.000005
1.033000	0.000005
1.034000	0.000005
1.034000	0.000005
1.035000	0.000004
1.035000	0.000004
1.036000	0.000004
1.036000	0.000004
1.037000	0.000004
1.037000	0.000004
1.038000	0.000004
1.038000	0.000004
1.039000	0.000004
1.039000	0.000004
1.040000	0.000004
1.040000	0.000004
1.041000	0.000004
1.041000	0.000004
1.042000	0.000004
1.042000	0.000004
1.043000	0.000004
1.043000	0.000004
1.044000	0.000004
1.044000	0.000004
1.045000	0.000004
1.045000	0.000004
1.046000	0.000004
1.046000	0.000004
1.047000	0.000004
1.047000	0.000004
1.048000	0.000004
1.048000	0.000004
1.049000	0.000004
1.049000	0.000004
1.050000	0.000004
1.050000	0.000004
1.051000	0.000004
1.051000	0.000004
1.052000	0.000004
1.052000	0.000004
1.053000	0.000004
1.053000	0.000004
1.054000	0.000004
1.054000	0.000004
1.055000	0.000003
1.055000	0.000003
1.056000	0.000003
1.056000	0.000003
1.057000	0.000003
1.057000	0.000003
1.058000	0.000003
1.058000	0.000003
1.059000	0.000003
1.059000	0.000003
1.060000	0.000003
1.060000	0.000003
1.061000	0.000003
1.061000	0.000003
1.062000	0.000003
1.062000	0.000003
1.063000	0.000003
1.063000	0.000003
1.064000	0.000003
1.064000	0.000003
1.065000	0.000003
1.065000	0.000003
1.066000	0.000003
1.066000	0.000003
1.067000	0.000003
1.067000	0.000003
1.068000	0.000003
1.068000	0.000003
1.069000	0.000003
1.069000	0.000003
1.070000	0.000003
1.070000	0.000003
1.071000	0.000003
1.071000	0.000003
1.072000	0.000003
1.072000	0.000003
1.073000	0.000003
1.073000	0.000003
1.074000	0.000003
1.074000	0.000003
1.075000	0.000003
1.075000	0.000003
1.076000	0.000003
1.076000	0.000003
1.077000	0.000003
1.077000	0.000003
1.078000	0.000003
1.078000	0.000003
1.079000	0.000003
1.079000	0.000003
1.080000	0.000003
1.080000	0.000003
1.081000	0.000002
1.081000	0.000002
1.082000	0.000002
1.082000	0.000002
1.083000	0.000002
1.083000	0.000002
1.084000	0.000002
1.084000	0.000002
1.085000	0.000002
1.085000	0.000002
1.086000	0.000002
1.086000	0.000002
1.087000	0.000002
1.087000	0.000002
1.088000	0.000002
1.088000	0.000002
1.089000	0.000002
1.089000	0.000002
1.090000	0.000002
1.090000	0.000002
1.091000	0.000002
1.091000	0.000002
1.092000	0.000002
1.092000	0.000002
1.093000	0.000002
1.093000	0.000002
1.094000	0.000002
1.094000	0.000002
1.095000	0.000002
1.095000	0.000002
1.096000	0.000002
1.096000	0.000002
1.097000	0.000002
1.097000	0.000002
1.098000	0.000002
1.098000	0.000002
1.099000	0.000002
1.099000	0.000002
1.100000	0.000002
1.100000	0.000002
1.101000	0.000002
1.101000	0.000002
1.102000	0.000002
1.102000	0.000002
1.103000	0.000002
1.103000	0.000002
1.104000	0.000002
1.104000	0.000002
1.105000	0.000002
1.105000	0.000002
1.106000	0.000002
1.106000	0.000002
1.107000	0.000002
1.107000	0.000002
1.108000	0.000002
1.108000	0.000002
1.109000	0.000002
1.109000	0.000002
1.110000	0.000002
1.110000	0.000002
1.111000	0.000002
1.111000	0.000002
1.112000	0.000002
1.112000	0.000002
1.113000	0.000002
1.113000	0.000002
1.114000	0.000002
1.114000	0.000002
1.115000	0.000002
1.115000	0.000002
1.116000	0.000002
1.116000	0.000002
1.117000	0.000002
1.117000	0.000002
1.118000	0.000002
1.118000	0.000002
1.119000	0.000002
1.119000	0.000002
1.120000	0.000001
1.120000	0.000001
1.121000	0.000001
1.121000	0.000001
1.122000	0.000001
1.122000	0.000001
1.123000	0.000001
1.123000	0.000001
1.124000	0.000001
1.124000	0.000001
1.125000	0.000001
1.125000	0.000001
1.126000	0.000001
1.126000	0.000001
1.127000	0.000001
1.127000	0.000001
1.128000	0.000001
1.128000	0.000001
1.129000	0.000001
1.129000	0.000001
1.130000	0.000001
1.130000	0.000001
1.131000	0.000001
1.131000	0.000001
1.132000	0.000001
1.132000	0.000001
1.133000	0.000001
1.133000	0.000001
1.134000	0.000001
1.134000	0.000001
1.135000	0.000001
1.135000	0.000001
1.136000	0.000001
1.136000	0.000001
1.137000	0.000001
1.137000	0.000001
1.138000	0.000001
1.138000	0.000001
1.139000	0.000001
1.139000	0.000001
1.140000	0.000001
1.140000	0.000001
1.141000	0.000001
1.141000	0.000001
1.142000	0.000001
1.142000	0.000001
1.143000	0.000001
1.143000	0.000001
1.144000	0.000001
1.144000	0.000001
1.145000	0.000001
1.145000	0.000001
1.146000	0.000001
1.146000	0.000001
1.147000	0.000001
1.147000	0.000001
1.148000	0.000001
1.148000	0.000001
1.149000	0.000001
1.149000	0.000001
1.150000	0.000001
1.150000	0.000001
1.151000	0.000001
1.151000	0.000001
1.152000	0.000001
1.152000	0.000001
1.153000	0.000001
1.153000	0.000001
1.154000	0.000001
1.154000	0.000001
1.155000	0.000001
1.155000	0.000001
1.156000	0.000001
1.156000	0.000001
1.157000	0.000001
1.157000	0.000001
1.158000	0.000001
1.158000	0.000001
1.159000	0.000001
1.159000	0.000001
1.160000	0.000001
1.160000	0.000001
1.161000	0.000001
1.161000	0.000001
1.162000	0.000001
1.162000	0.000001
1.163000	0.000001
1.163000	0.000001
1.164000	0.000001
1.164000	0.000001
1.165000	0.000001
1.165000	0.000001
1.166000	0.000001
1.166000	0.000001
1.167000	0.000001
1.167000	0.000001
1.168000	0.000001
1.168000	0.000001
1.169000	0.000001
1.169000	0.000001
1.170000	0.000001
1.170000	0.000001
1.171000	0.000001
1.171000	0.000001
1.172000	0.000001
1.172000	0.000001
1.173000	0.000001
1.173000	0.000001
1.174000	0.000001
1.174000	0.000001
1.175000	0.000001
1.175000	0.000001
1.176000	0.000001
1.176000	0.000001
1.177000	0.000001
1.177000	0.000001
1.178000	0.000001
1.178000	0.000001
1.179000	0.000001
1.179000	0.000001
1.180000	0.000001
1.180000	0.000001
1.181000	0.000001
1.181000	0.000001
1.182000	0.000001
1.182000	0.000001
1.183000	0.000001
1.183000	0.000001
1.184000	0.000001
1.184000	0.000001
1.185000	0.000001
1.185000	0.000001
1.186000	0.000001
1.186000	0.000001
1.187000	0.000001
1.187000	0.000001
1.188000	0.000001
1.188000	0.000001
1.189000	0.000001
1.189000	0.000001
1.190000	0.000001
1.190000	0.000001
1.191000	0.000001
1.191000	0.000001
1.192000	0.000001
1.192000	0.000001
1.193000	0.000001
1.193000	0.000001
1.194000	0.000001
1.194000	0.000001
1.195000	0.000001
1.195000	0.000001
1.196000	0.000001
1.196000	0.000001
1.197000	0.000001
1.197000	0.000001
1.198000	0.000001
1.198000	0.000001
1.199000	0.000001
1.199000	0.000001
1.200000	0.000000
1.200000	0.000000
1.201000	0.000000
1.201000	0.000000
1.202000	0.000000
1.202000	0.000000
1.203000	0.000000
1.203000	0.000000
1.204000	0.000000
1.204000	0.000000
1.205000	0.000000
1.205000	0.000000
1.206000	0.000000
1.206000	0.000000
1.207000	0.000000
1.207000	0.000000
1.208000	0.000000
1.208000	0.000000
1.209000	0.000000
1.209000	0.000000
1.210000	0.000000
1.210000	0.000000
1.211000	0.000000
1.211000	0.000000
1.212000	0.000000
1.212000	0.000000
1.213000	0.000000
1.213000	0.000000
1.214000	0.000000
1.214000	0.000000
1.215000	0.000000
1.215000	0.000000
1.216000	0.000000
1.216000	0.000000
1.217000	0.000000
1.217000	0.000000
1.218000	0.000000
1.218000	0.000000
1.219000	0.000000
1.219000	0.000000
1.220000	0.000000
1.220000	0.000000
1.221000	0.000000
1.221000	0.000000
1.222000	0.000000
1.222000	0.000000
1.223000	0.000000
1.223000	0.000000
1.224000	0.000000
1.224000	0.000000
1.225000	0.000000
1.225000	0.000000
1.226000	0.000000
1.226000	0.000000
1.227000	0.000000
1.227000	0.000000
1.228000	0.000000
1.228000	0.000000
1.229000	0.000000
1.229000	0.000000
1.230000	0.000000
1.230000	0.000000
1.231000	0.000000
1.231000	0.000000
1.232000	0.000000
1.232000	0.000000
1.233000	0.000000
1.233000	0.000000
1.234000	0.000000
1.234000	0.000000
1.235000	0.000000
1.235000	0.000000
1.236000	0.000000
1.236000	0.000000
1.237000	0.000000
1.237000	0.000000
1.238000	0.000000
1.238000	0.000000
1.239000	0.000000
1.239000	0.000000
1.240000	0.000000
1.240000	0.000000
1.241000	0.000000
1.241000	0.000000
1.242000	0.000000
1.242000	0.000000
1.243000	0.000000
1.243000	0.000000
1.244000	0.000000
1.244000	0.000000
1.245000	0.000000
1.245000	0.000000
1.246000	0.000000
1.246000	0.000000
1.247000	0.000000
1.247000	0.000000
1.248000	0.000000
1.248000	0.000000
1.249000	0.000000
1.249000	0.000000
1.250000	0.000000
1.250000	0.000000
1.251000	0.000000
1.251000	0.000000
1.252000	0.000000
1.252000	0.000000
1.253000	0.000000
1.253000	0.000000
1.254000	0.000000
1.254000	0.000000
1.255000	0.000000
1.255000	0.000000
1.256000	0.000000
1.256000	0.000000
1.257000	0.000000
1.257000	0.000000
1.258000	0.000000
1.258000	0.000000
1.259000	0.000000
1.259000	0.000000
1.260000	0.000000
1.260000	0.000000
1.261000	0.000000
1.261000	0.000000
1.262000	0.000000
1.262000	0.000000
1.263000	0.000000
1.263000	0.000000
1.264000	0.000000
1.264000	0.000000
1.265000	0.000000
1.265000	0.000000
1.266000	0.000000
1.266000	0.000000
1.267000	0.000000
1.267000	0.000000
1.268000	0.000000
1.268000	0.000000
1.269000	0.000000
1.269000	0.000000
1.270000	0.000000
1.270000	0.000000
1.271000	0.000000
1.271000	0.000000
1.272000	0.000000
1.272000	0.000000
1.273000	0.000000
1.273000	0.000000
1.274000	0.000000
1.274000	0.000000
1.275000	0.000000
1.275000	0.000000
1.276000	0.000000
1.276000	0.000000
1.277000	0.000000
1.277000	0.000000
1.278000	0.000000
1.278000	0.000000
1.279000	0.000000
1.279000	0.000000
1.280000	0.000000
1.280000	0.000000
1.281000	0.000000
1.281000	0.000000
