0.000000	0.000000
0.000000	0.000000
0.001000	-0.000000
0.001000	-0.000000
0.002000	-0.000000
0.002000	-0.000000
0.003000	-0.000000
0.003000	-0.000000
0.004000	-0.000000
0.004000	-0.000000
0.005000	-0.000000
0.005000	-0.000000
0.006000	-0.000000
0.006000	-0.000000
0.007000	-0.000000
0.007000	-0.000000
0.008000	-0.000000
0.008000	-0.000000
0.009000	-0.000000
0.009000	-0.000000
0.010000	-0.000000
0.010000	-0.000000
0.011000	-0.000000
0.011000	-0.000000
0.012000	-0.000000
0.012000	-0.000000
0.013000	-0.000000
0.013000	-0.000000
0.014000	-0.000000
0.014000	-0.000000
0.015000	-0.000000
0.015000	-0.000000
0.016000	-0.000000
0.016000	-0.000000
0.017000	-0.000000
0.017000	-0.000000
0.018000	-0.000000
0.018000	-0.000000
0.019000	-0.000000
0.019000	-0.000000
0.020000	-0.000000
0.020000	-0.000000
0.021000	-0.000000
0.021000	-0.000000
0.022000	-0.000000
0.022000	-0.000000
0.023000	-0.000000
0.023000	-0.000000
0.024000	-0.000000
0.024000	-0.000000
0.025000	-0.000000
0.025000	-0.000000
0.026000	-0.000000
0.026000	-0.000000
0.027000	-0.000000
0.027000	-0.000000
0.028000	-0.000000
0.028000	-0.000000
0.029000	-0.000000
0.029000	-0.000000
0.030000	-0.000000
0.030000	-0.000000
0.031000	-0.000000
0.031000	-0.000000
0.032000	-0.000000
0.032000	-0.000000
0.033000	-0.000000
0.033000	-0.000000
0.034000	-0.000000
0.034000	-0.000000
0.035000	-0.000000
0.035000	-0.000000
0.036000	-0.000000
0.036000	-0.000000
0.037000	0.000000
0.037000	0.000000
0.038000	0.000000
0.038000	0.000000
0.039000	0.000000
0.039000	0.000000
0.040000	0.000000
0.040000	0.000000
0.041000	0.000000
0.041000	0.000000
0.042000	0.000000
0.042000	0.000000
0.043000	0.000000
0.043000	0.000000
0.044000	0.000000
0.044000	0.000000
0.045000	0.000000
0.045000	0.000000
0.046000	0.000000
0.046000	0.000000
0.047000	0.000000
0.047000	0.000000
0.048000	0.000000
0.048000	0.000000
0.049000	0.000000
0.049000	0.000000
0.050000	0.000000
0.050000	0.000000
0.051000	0.000000
0.051000	0.000000
0.052000	0.000000
0.052000	0.000000
0.053000	0.000000
0.053000	0.000000
0.054000	0.000000
0.054000	0.000000
0.055000	0.000000
0.055000	0.000000
0.056000	0.000000
0.056000	0.000000
0.057000	0.000000
0.057000	0.000000
0.058000	0.000000
0.058000	0.000000
0.059000	0.000000
0.059000	0.000000
0.060000	0.000000
0.060000	0.000000
0.061000	0.000000
0.061000	0.000000
0.062000	0.000000
0.062000	0.000000
0.063000	0.000000
0.063000	0.000000
0.064000	0.000000
0.064000	0.000000
0.065000	0.000000
0.065000	0.000000
0.066000	0.000000
0.066000	0.000000
0.067000	0.000000
0.067000	0.000000
0.068000	0.000000
0.068000	0.000000
0.069000	0.000000
0.069000	0.000000
0.070000	0.000000
0.070000	0.000000
0.071000	0.000000
0.071000	0.000000
0.072000	0.000000
0.072000	0.000000
0.073000	0.000000
0.073000	0.000000
0.074000	0.000000
0.074000	0.000000
0.075000	0.000000
0.075000	0.000000
0.076000	0.000000
0.076000	0.000000
0.077000	0.000000
0.077000	0.000000
0.078000	0.000000
0.078000	0.000000
0.079000	0.000000
0.079000	0.000000
0.080000	0.000000
0.080000	0.000000
0.081000	0.000000
0.081000	0.000000
0.082000	0.000000
0.082000	0.000000
0.083000	0.000000
0.083000	0.000000
0.084000	0.000000
0.084000	0.000000
0.085000	0.000000
0.085000	0.000000
0.086000	0.000000
0.086000	0.000000
0.087000	0.000000
0.087000	0.000000
0.088000	0.000000
0.088000	0.000000
0.089000	0.000000
0.089000	0.000000
0.090000	0.000000
0.090000	0.000000
0.091000	0.000000
0.091000	0.000000
0.092000	0.000000
0.092000	0.000000
0.093000	0.000000
0.093000	0.000000
0.094000	0.000000
0.094000	0.000000
0.095000	0.000000
0.095000	0.000000
0.096000	0.000000
0.096000	0.000000
0.097000	0.000000
0.097000	0.000000
0.098000	0.000000
0.098000	0.000000
0.099000	0.000000
0.099000	0.000000
0.100000	0.000000
0.100000	0.000000
0.101000	0.000000
0.101000	0.000000
0.102000	0.000000
0.102000	0.000000
0.103000	0.000000
0.103000	0.000000
0.104000	0.000000
0.104000	0.000000
0.105000	0.000000
0.105000	0.000000
0.106000	0.000000
0.106000	0.000000
0.107000	0.000000
0.107000	0.000000
0.108000	0.000000
0.108000	0.000000
0.109000	0.000000
0.109000	0.000000
0.110000	0.000000
0.110000	0.000000
0.111000	1.120568
0.111000	1.120568
0.112000	1.095137
0.112000	1.095137
0.113000	1.056293
0.113000	1.056293
0.114000	1.005896
0.114000	1.005896
0.115000	0.945541
0.115000	0.945541
0.116000	0.876743
0.116000	0.876743
0.117000	0.803878
0.117000	0.803878
0.118000	0.729445
0.118000	0.729445
0.119000	0.655432
0.119000	0.655432
0.120000	0.583382
0.120000	0.583382
0.121000	0.514459
0.121000	0.514459
0.122000	0.449502
0.122000	0.449502
0.123000	0.389076
0.123000	0.389076
0.124000	0.333519
0.124000	0.333519
0.125000	0.282985
0.125000	0.282985
0.126000	0.237478
0.126000	0.237478
0.127000	0.196888
0.127000	0.196888
0.128000	0.161018
0.128000	0.161018
0.129000	0.129606
0.129000	0.129606
0.130000	0.102351
0.130000	0.102351
0.131000	0.078926
0.131000	0.078926
0.132000	0.058989
0.132000	0.058989
0.133000	0.042200
0.133000	0.042200
0.134000	0.028224
0.134000	0.028224
0.135000	0.016738
0.135000	0.016738
0.136000	0.007438
0.136000	0.007438
0.137000	0.000039
0.137000	0.000039
0.138000	-0.005722
0.138000	-0.005722
0.139000	-0.010084
0.139000	-0.010084
0.140000	-0.013264
0.140000	-0.013264
0.141000	-0.015455
0.141000	-0.015455
0.142000	-0.016832
0.142000	-0.016832
0.143000	-0.017544
0.143000	-0.017544
0.144000	-0.017724
0.144000	-0.017724
0.145000	-0.017486
0.145000	-0.017486
0.146000	-0.016928
0.146000	-0.016928
0.147000	-0.016134
0.147000	-0.016134
0.148000	-0.015172
0.148000	-0.015172
0.149000	-0.014100
0.149000	-0.014100
0.150000	-0.012967
0.150000	-0.012967
0.151000	-0.011808
0.151000	-0.011808
0.152000	-0.010656
0.152000	-0.010656
0.153000	-0.009533
0.153000	-0.009533
0.154000	-0.008457
0.154000	-0.008457
0.155000	-0.007441
0.155000	-0.007441
0.156000	-0.006492
0.156000	-0.006492
0.157000	-0.005616
0.157000	-0.005616
0.158000	-0.004816
0.158000	-0.004816
0.159000	-0.004093
0.159000	-0.004093
0.160000	-0.003443
0.160000	-0.003443
0.161000	-0.002866
0.161000	-0.002866
0.162000	-0.002356
0.162000	-0.002356
0.163000	-0.001911
0.163000	-0.001911
0.164000	-0.001525
0.164000	-0.001525
0.165000	-0.001194
0.165000	-0.001194
0.166000	-0.000912
0.166000	-0.000912
0.167000	-0.000674
0.167000	-0.000674
0.168000	-0.000476
0.168000	-0.000476
0.169000	-0.000313
0.169000	-0.000313
0.170000	-0.000180
0.170000	-0.000180
0.171000	-0.000075
0.171000	-0.000075
0.172000	0.000008
0.172000	0.000008
0.173000	0.000071
0.173000	0.000071
0.174000	0.000117
0.174000	0.000117
0.175000	0.000150
0.175000	0.000150
0.176000	0.000171
0.176000	0.000171
0.177000	0.000182
0.177000	0.000182
0.178000	0.000186
0.178000	0.000186
0.179000	0.000184
0.179000	0.000184
0.180000	0.000178
0.180000	0.000178
0.181000	0.000168
0.181000	0.000168
0.182000	0.000156
0.182000	0.000156
0.183000	0.000143
0.183000	0.000143
0.184000	0.000128
0.184000	0.000128
0.185000	0.000113
0.185000	0.000113
0.186000	0.000098
0.186000	0.000098
0.187000	0.000083
0.187000	0.000083
0.188000	0.000069
0.188000	0.000069
0.189000	0.000056
0.189000	0.000056
0.190000	0.000044
0.190000	0.000044
0.191000	0.000032
0.191000	0.000032
0.192000	0.000022
0.192000	0.000022
0.193000	0.000013
0.193000	0.000013
0.194000	0.000004
0.194000	0.000004
0.195000	-0.000003
0.195000	-0.000003
0.196000	-0.000009
0.196000	-0.000009
0.197000	-0.000015
0.197000	-0.000015
0.198000	-0.000019
0.198000	-0.000019
0.199000	-0.000023
0.199000	-0.000023
0.200000	-0.000027
0.200000	-0.000027
0.201000	-0.000029
0.201000	-0.000029
0.202000	-0.000031
0.202000	-0.000031
0.203000	-0.000033
0.203000	-0.000033
0.204000	-0.000034
0.204000	-0.000034
0.205000	-0.000035
0.205000	-0.000035
0.206000	-0.000036
0.206000	-0.000036
0.207000	-0.000036
0.207000	-0.000036
0.208000	-0.000036
0.208000	-0.000036
0.209000	-0.000036
0.209000	-0.000036
0.210000	-0.000036
0.210000	-0.000036
0.211000	-0.000035
0.211000	-0.000035
0.212000	-0.000035
0.212000	-0.000035
0.213000	-0.000035
0.213000	-0.000035
0.214000	-0.000034
0.214000	-0.000034
0.215000	-0.000033
0.215000	-0.000033
0.216000	-0.000033
0.216000	-0.000033
0.217000	-0.000032
0.217000	-0.000032
0.218000	-0.000031
0.218000	-0.000031
0.219000	-0.000031
0.219000	-0.000031
0.220000	-0.000030
0.220000	-0.000030
0.221000	-0.000030
0.221000	-0.000030
0.222000	-0.000029
0.222000	-0.000029
0.223000	-0.000028
0.223000	-0.000028
0.224000	-0.000028
0.224000	-0.000028
0.225000	-0.000027
0.225000	-0.000027
0.226000	-0.000027
0.226000	-0.000027
0.227000	-0.000026
0.227000	-0.000026
0.228000	-0.000026
0.228000	-0.000026
0.229000	-0.000025
0.229000	-0.000025
0.230000	-0.000025
0.230000	-0.000025
0.231000	-0.000025
0.231000	-0.000025
0.232000	-0.000024
0.232000	-0.000024
0.233000	-0.000024
0.233000	-0.000024
0.234000	-0.000023
0.234000	-0.000023
0.235000	-0.000023
0.235000	-0.000023
0.236000	-0.000023
0.236000	-0.000023
0.237000	-0.000022
0.237000	-0.000022
0.238000	-0.000022
0.238000	-0.000022
0.239000	-0.000022
0.239000	-0.000022
0.240000	-0.000021
0.240000	-0.000021
0.241000	-0.000021
0.241000	-0.000021
0.242000	-0.000021
0.242000	-0.000021
0.243000	-0.000021
0.243000	-0.000021
0.244000	-0.000020
0.244000	-0.000020
0.245000	-0.000020
0.245000	-0.000020
0.246000	-0.000020
0.246000	-0.000020
0.247000	-0.000020
0.247000	-0.000020
0.248000	-0.000019
0.248000	-0.000019
0.249000	-0.000019
0.249000	-0.000019
0.250000	-0.000019
0.250000	-0.000019
0.251000	-0.000019
0.251000	-0.000019
0.252000	-0.000019
0.252000	-0.000019
0.253000	-0.000018
0.253000	-0.000018
0.254000	-0.000018
0.254000	-0.000018
0.255000	-0.000018
0.255000	-0.000018
0.256000	-0.000018
0.256000	-0.000018
0.257000	-0.000018
0.257000	-0.000018
0.258000	-0.000017
0.258000	-0.000017
0.259000	-0.000017
0.259000	-0.000017
0.260000	-0.000017
0.260000	-0.000017
0.261000	-0.000017
0.261000	-0.000017
0.262000	-0.000017
0.262000	-0.000017
0.263000	-0.000016
0.263000	-0.000016
0.264000	-0.000016
0.264000	-0.000016
0.265000	-0.000016
0.265000	-0.000016
0.266000	-0.000016
0.266000	-0.000016
0.267000	-0.000016
0.267000	-0.000016
0.268000	-0.000015
0.268000	-0.000015
0.269000	-0.000015
0.269000	-0.000015
0.270000	-0.000015
0.270000	-0.000015
0.271000	-0.000015
0.271000	-0.000015
0.272000	-0.000015
0.272000	-0.000015
0.273000	-0.000015
0.273000	-0.000015
0.274000	-0.000014
0.274000	-0.000014
0.275000	-0.000014
0.275000	-0.000014
0.276000	-0.000014
0.276000	-0.000014
0.277000	-0.000014
0.277000	-0.000014
0.278000	-0.000014
0.278000	-0.000014
0.279000	-0.000014
0.279000	-0.000014
0.280000	-0.000014
0.280000	-0.000014
0.281000	-0.000013
0.281000	-0.000013
0.282000	-0.000013
0.282000	-0.000013
0.283000	-0.000013
0.283000	-0.000013
0.284000	-0.000013
0.284000	-0.000013
0.285000	-0.000013
0.285000	-0.000013
0.286000	-0.000013
0.286000	-0.000013
0.287000	-0.000013
0.287000	-0.000013
0.288000	-0.000012
0.288000	-0.000012
0.289000	-0.000012
0.289000	-0.000012
0.290000	-0.000012
0.290000	-0.000012
0.291000	-0.000012
0.291000	-0.000012
0.292000	-0.000012
0.292000	-0.000012
0.293000	-0.000012
0.293000	-0.000012
0.294000	-0.000012
0.294000	-0.000012
0.295000	-0.000012
0.295000	-0.000012
0.296000	-0.000011
0.296000	-0.000011
0.297000	-0.000011
0.297000	-0.000011
0.298000	-0.000011
0.298000	-0.000011
0.299000	-0.000011
0.299000	-0.000011
0.300000	-0.000011
0.300000	-0.000011
0.301000	-0.000011
0.301000	-0.000011
0.302000	-0.000011
0.302000	-0.000011
0.303000	-0.000011
0.303000	-0.000011
0.304000	-0.000011
0.304000	-0.000011
0.305000	-0.000010
0.305000	-0.000010
0.306000	-0.000010
0.306000	-0.000010
0.307000	-0.000010
0.307000	-0.000010
0.308000	-0.000010
0.308000	-0.000010
0.309000	-0.000010
0.309000	-0.000010
0.310000	-0.000010
0.310000	-0.000010
0.311000	-0.000010
0.311000	-0.000010
0.312000	-0.000010
0.312000	-0.000010
0.313000	-0.000010
0.313000	-0.000010
0.314000	-0.000010
0.314000	-0.000010
0.315000	-0.000009
0.315000	-0.000009
0.316000	-0.000009
0.316000	-0.000009
0.317000	-0.000009
0.317000	-0.000009
0.318000	-0.000009
0.318000	-0.000009
0.319000	-0.000009
0.319000	-0.000009
0.320000	-0.000009
0.320000	-0.000009
0.321000	-0.000009
0.321000	-0.000009
0.322000	-0.000009
0.322000	-0.000009
0.323000	-0.000009
0.323000	-0.000009
0.324000	-0.000009
0.324000	-0.000009
0.325000	-0.000009
0.325000	-0.000009
0.326000	-0.000008
0.326000	-0.000008
0.327000	-0.000008
0.327000	-0.000008
0.328000	-0.000008
0.328000	-0.000008
0.329000	-0.000008
0.329000	-0.000008
0.330000	-0.000008
0.330000	-0.000008
0.331000	-0.000008
0.331000	-0.000008
0.332000	-0.000008
0.332000	-0.000008
0.333000	-0.000008
0.333000	-0.000008
0.334000	-0.000008
0.334000	-0.000008
0.335000	-0.000008
0.335000	-0.000008
0.336000	-0.000008
0.336000	-0.000008
0.337000	-0.000008
0.337000	-0.000008
0.338000	-0.000007
0.338000	-0.000007
0.339000	-0.000007
0.339000	-0.000007
0.340000	-0.000007
0.340000	-0.000007
0.341000	-0.000007
0.341000	-0.000007
0.342000	-0.000007
0.342000	-0.000007
0.343000	-0.000007
0.343000	-0.000007
0.344000	-0.000007
0.344000	-0.000007
0.345000	-0.000007
0.345000	-0.000007
0.346000	-0.000007
0.346000	-0.000007
0.347000	-0.000007
0.347000	-0.000007
0.348000	-0.000007
0.348000	-0.000007
0.349000	-0.000007
0.349000	-0.000007
0.350000	-0.000007
0.350000	-0.000007
0.351000	-0.000007
0.351000	-0.000007
0.352000	-0.000006
0.352000	-0.000006
0.353000	-0.000006
0.353000	-0.000006
0.354000	-0.000006
0.354000	-0.000006
0.355000	-0.000006
0.355000	-0.000006
0.356000	-0.000006
0.356000	-0.000006
0.357000	-0.000006
0.357000	-0.000006
0.358000	-0.000006
0.358000	-0.000006
0.359000	-0.000006
0.359000	-0.000006
0.360000	-0.000006
0.360000	-0.000006
0.361000	-0.000006
0.361000	-0.000006
0.362000	-0.000006
0.362000	-0.000006
0.363000	-0.000006
0.363000	-0.000006
0.364000	-0.000006
0.364000	-0.000006
0.365000	-0.000006
0.365000	-0.000006
0.366000	-0.000006
0.366000	-0.000006
0.367000	-0.000006
0.367000	-0.000006
0.368000	-0.000005
0.368000	-0.000005
0.369000	-0.000005
0.369000	-0.000005
0.370000	-0.000005
0.370000	-0.000005
0.371000	-0.000005
0.371000	-0.000005
0.372000	-0.000005
0.372000	-0.000005
