0.000000	0.000000	0.750000	0.000000
0.001000	-0.000000	0.749993	0.000000
0.002000	-0.000000	0.749972	0.000000
0.003000	-0.000000	0.749938	0.000000
0.004000	-0.000000	0.749890	0.000000
0.005000	-0.000000	0.749828	0.000000
0.006000	-0.000000	0.749754	0.000000
0.007000	-0.000000	0.749667	0.000000
0.008000	-0.000000	0.749567	0.000000
0.009000	-0.000000	0.749454	0.000000
0.010000	-0.000000	0.749329	0.000000
0.011000	-0.000000	0.749192	0.000000
0.012000	-0.000000	0.749044	0.000000
0.013000	-0.000000	0.748883	0.000000
0.014000	-0.000000	0.748711	0.000000
0.015000	-0.000000	0.748527	0.000000
0.016000	-0.000000	0.748332	0.000000
0.017000	-0.000000	0.748125	0.000000
0.018000	-0.000000	0.747908	0.000000
0.019000	-0.000000	0.747680	0.000000
0.020000	-0.000000	0.747441	0.000000
0.021000	-0.000000	0.747191	0.000000
0.022000	-0.000000	0.746932	0.000000
0.023000	-0.000000	0.746661	0.000000
0.024000	-0.000000	0.746381	0.000000
0.025000	-0.000000	0.746091	0.000000
0.026000	-0.000000	0.745791	0.000000
0.027000	-0.000000	0.745481	0.000000
0.028000	-0.000000	0.745162	0.000000
0.029000	-0.000000	0.744833	0.000000
0.030000	-0.000000	0.744494	0.000000
0.031000	-0.000000	0.744147	0.000000
0.032000	-0.000000	0.743790	0.000000
0.033000	-0.000000	0.743425	0.000000
0.034000	-0.000000	0.743050	0.000000
0.035000	-0.000000	0.742667	0.000000
0.036000	-0.000000	0.742275	0.000000
0.037000	-0.000000	0.741875	0.000000
0.038000	-0.000000	0.741466	0.000000
0.039000	-0.000000	0.741049	0.000000
0.040000	-0.000000	0.740624	0.000000
0.041000	-0.000000	0.740190	0.000000
0.042000	-0.000000	0.739749	0.000000
0.043000	-0.000000	0.739300	0.000000
0.044000	-0.000000	0.738843	0.000000
0.045000	-0.000000	0.738378	0.000000
0.046000	-0.000000	0.737906	0.000000
0.047000	-0.000000	0.737427	0.000000
0.048000	-0.000000	0.736940	0.000000
0.049000	-0.000000	0.736445	0.000000
0.050000	-0.000000	0.735944	0.000000
0.051000	-0.000000	0.735435	0.000001
0.052000	-0.000000	0.734920	0.000001
0.053000	-0.000000	0.734397	0.000001
0.054000	-0.000000	0.733868	0.000001
0.055000	-0.000000	0.733332	0.000001
0.056000	-0.000000	0.732789	0.000001
0.057000	-0.000000	0.732240	0.000001
0.058000	-0.000000	0.731684	0.000001
0.059000	-0.000000	0.731122	0.000001
0.060000	-0.000000	0.730554	0.000001
0.061000	-0.000000	0.729979	0.000001
0.062000	-0.000000	0.729399	0.000001
0.063000	-0.000000	0.728812	0.000001
0.064000	-0.000000	0.728219	0.000001
0.065000	-0.000000	0.727621	0.000001
0.066000	-0.000000	0.727016	0.000001
0.067000	-0.000000	0.726406	0.000001
0.068000	-0.000000	0.725790	0.000001
0.069000	-0.000000	0.725169	0.000001
0.070000	-0.000000	0.724542	0.000001
0.071000	-0.000000	0.723910	0.000002
0.072000	-0.000000	0.723272	0.000002
0.073000	-0.000000	0.722629	0.000002
0.074000	-0.000000	0.721981	0.000002
0.075000	-0.000000	0.721327	0.000002
0.076000	-0.000000	0.720669	0.000002
0.077000	-0.000000	0.720005	0.000002
0.078000	-0.000000	0.719337	0.000002
0.079000	-0.000000	0.718664	0.000002
0.080000	-0.000000	0.717986	0.000002
0.081000	-0.000000	0.717303	0.000002
0.082000	-0.000000	0.716615	0.000002
0.083000	-0.000000	0.715923	0.000003
0.084000	-0.000000	0.715226	0.000003
0.085000	-0.000000	0.714525	0.000003
0.086000	-0.000000	0.713820	0.000003
0.087000	-0.000000	0.713110	0.000003
0.088000	-0.000000	0.712395	0.000003
0.089000	-0.000000	0.711677	0.000003
0.090000	-0.000000	0.710954	0.000003
0.091000	-0.000000	0.710227	0.000003
0.092000	-0.000000	0.709497	0.000003
0.093000	-0.000000	0.708762	0.000004
0.094000	-0.000000	0.708023	0.000004
0.095000	-0.000000	0.707280	0.000004
0.096000	-0.000000	0.706534	0.000004
0.097000	-0.000000	0.705783	0.000004
0.098000	-0.000000	0.705029	0.000004
0.099000	-0.000000	0.704272	0.000004
0.100000	-0.000000	0.703511	0.000004
0.101000	-0.000000	0.702746	0.000005
0.102000	-0.000000	0.701977	0.000005
0.103000	-0.000000	0.701205	0.000005
0.104000	-0.000000	0.700430	0.000005
0.105000	-0.000000	0.699652	0.000005
0.106000	-0.000000	0.698870	0.000005
0.107000	-0.000000	0.698085	0.000005
0.108000	-0.000000	0.697296	0.000006
0.109000	-0.000000	0.696505	0.000006
0.110000	-0.000000	0.695710	0.000006
0.111000	-0.000000	0.694913	0.000006
0.112000	-0.000000	0.694112	0.000006
0.113000	-0.000000	0.693308	0.000006
0.114000	-0.000000	0.692502	0.000006
0.115000	-0.000000	0.691693	0.000007
0.116000	-0.000000	0.690880	0.000007
0.117000	-0.000000	0.690065	0.000007
0.118000	-0.000000	0.689248	0.000007
0.119000	-0.000000	0.688427	0.000007
0.120000	-0.000000	0.687604	0.000007
0.121000	-0.000000	0.686779	0.000008
0.122000	-0.000000	0.685950	0.000008
0.123000	-0.000000	0.685120	0.000008
0.124000	-0.000000	0.684286	0.000008
0.125000	-0.000000	0.683451	0.000008
0.126000	-0.000000	0.682613	0.000009
0.127000	-0.000000	0.681773	0.000009
0.128000	-0.000000	0.680930	0.000009
0.129000	-0.000000	0.680085	0.000009
0.130000	-0.000000	0.679238	0.000009
0.131000	-0.000000	0.678388	0.000010
0.132000	-0.000000	0.677537	0.000010
0.133000	-0.000000	0.676683	0.000010
0.134000	-0.000000	0.675827	0.000010
0.135000	-0.000000	0.674970	0.000010
0.136000	-0.000000	0.674110	0.000011
0.137000	-0.000000	0.673248	0.000011
0.138000	-0.000000	0.672385	0.000011
0.139000	-0.000000	0.671519	0.000011
0.140000	-0.000000	0.670652	0.000011
0.141000	-0.000000	0.669782	0.000012
0.142000	-0.000000	0.668911	0.000012
0.143000	-0.000000	0.668039	0.000012
0.144000	-0.000000	0.667164	0.000012
0.145000	-0.000000	0.666288	0.000012
0.146000	-0.000000	0.665410	0.000013
0.147000	-0.000000	0.664531	0.000013
0.148000	-0.000000	0.663650	0.000013
0.149000	-0.000000	0.662767	0.000013
0.150000	-0.000000	0.661883	0.000014
0.151000	-0.000000	0.660998	0.000014
0.152000	-0.000000	0.660110	0.000014
0.153000	-0.000000	0.659222	0.000014
0.154000	-0.000000	0.658332	0.000015
0.155000	-0.000000	0.657441	0.000015
0.156000	-0.000001	0.656548	0.000015
0.157000	-0.000001	0.655654	0.000015
0.158000	-0.000001	0.654759	0.000016
0.159000	-0.000001	0.653863	0.000016
0.160000	-0.000001	0.652965	0.000016
0.161000	-0.000001	0.652066	0.000016
0.162000	-0.000001	0.651166	0.000017
0.163000	-0.000001	0.650265	0.000017
0.164000	-0.000001	0.649363	0.000017
0.165000	-0.000001	0.648459	0.000017
0.166000	-0.000001	0.647555	0.000018
0.167000	-0.000001	0.646650	0.000018
0.168000	-0.000001	0.645743	0.000018
0.169000	-0.000001	0.644836	0.000018
0.170000	-0.000001	0.643927	0.000019
0.171000	-0.000001	0.643018	0.000019
0.172000	-0.000001	0.642108	0.000019
0.173000	-0.000001	0.641197	0.000020
0.174000	-0.000001	0.640285	0.000020
0.175000	-0.000001	0.639372	0.000020
0.176000	-0.000001	0.638459	0.000020
0.177000	-0.000001	0.637544	0.000021
0.178000	-0.000001	0.636629	0.000021
0.179000	-0.000001	0.635713	0.000021
0.180000	-0.000001	0.634797	0.000022
0.181000	-0.000001	0.633880	0.000022
0.182000	-0.000001	0.632962	0.000022
0.183000	-0.000001	0.632043	0.000022
0.184000	-0.000001	0.631124	0.000023
0.185000	-0.000001	0.630204	0.000023
0.186000	-0.000001	0.629284	0.000023
0.187000	-0.000001	0.628363	0.000024
0.188000	-0.000001	0.627442	0.000024
0.189000	-0.000001	0.626520	0.000024
0.190000	-0.000001	0.625597	0.000024
0.191000	-0.000001	0.624674	0.000025
0.192000	-0.000001	0.623751	0.000025
0.193000	-0.000001	0.622827	0.000025
0.194000	-0.000001	0.621903	0.000026
0.195000	-0.000001	0.620979	0.000026
0.196000	-0.000001	0.620054	0.000026
0.197000	-0.000001	0.619128	0.000027
0.198000	-0.000001	0.618203	0.000027
0.199000	-0.000001	0.617277	0.000027
0.200000	-0.000001	0.616350	0.000027
0.201000	-0.000001	0.615424	0.000028
0.202000	-0.000001	0.614497	0.000028
0.203000	-0.000001	0.613570	0.000028
0.204000	-0.000001	0.612642	0.000029
0.205000	-0.000001	0.611715	0.000029
0.206000	-0.000002	0.610787	0.000029
0.207000	-0.000002	0.609859	0.000030
0.208000	-0.000002	0.608931	0.000030
0.209000	-0.000002	0.608003	0.000030
0.210000	-0.000002	0.607075	0.000031
0.211000	-0.000002	0.606146	0.000031
0.212000	-0.000002	0.605218	0.000031
0.213000	-0.000002	0.604289	0.000032
0.214000	-0.000002	0.603360	0.000032
0.215000	-0.000002	0.602432	0.000032
0.216000	-0.000002	0.601503	0.000033
0.217000	-0.000002	0.600574	0.000033
0.218000	-0.000002	0.599645	0.000033
0.219000	-0.000002	0.598717	0.000034
0.220000	-0.000002	0.597788	0.000034
0.221000	-0.000002	0.596859	0.000034
0.222000	-0.000002	0.595930	0.000034
0.223000	-0.000002	0.595002	0.000035
0.224000	-0.000002	0.594073	0.000035
0.225000	-0.000002	0.593145	0.000035
0.226000	-0.000002	0.592216	0.000036
0.227000	-0.000002	0.591288	0.000036
0.228000	-0.000002	0.590360	0.000036
0.229000	-0.000002	0.589432	0.000037
0.230000	-0.000002	0.588505	0.000037
0.231000	-0.000002	0.587577	0.000037
0.232000	-0.000002	0.586650	0.000038
0.233000	-0.000002	0.585722	0.000038
0.234000	-0.000002	0.584795	0.000038
0.235000	-0.000002	0.583868	0.000039
0.236000	-0.000002	0.582942	0.000039
0.237000	-0.000002	0.582016	0.000039
0.238000	-0.000003	0.581090	0.000040
0.239000	-0.000003	0.580164	0.000040
0.240000	-0.000003	0.579238	0.000040
0.241000	-0.000003	0.578313	0.000041
0.242000	-0.000003	0.577388	0.000041
0.243000	-0.000003	0.576464	0.000041
0.244000	-0.000003	0.575539	0.000042
0.245000	-0.000003	0.574615	0.000042
0.246000	-0.000003	0.573692	0.000042
0.247000	-0.000003	0.572768	0.000043
0.248000	-0.000003	0.571846	0.000043
0.249000	-0.000003	0.570923	0.000043
0.250000	-0.000003	0.570001	0.000044
0.251000	-0.000003	0.569079	0.000044
0.252000	-0.000003	0.568158	0.000044
0.253000	-0.000003	0.567237	0.000045
0.254000	-0.000003	0.566316	0.000045
0.255000	-0.000003	0.565396	0.000045
0.256000	-0.000003	0.564477	0.000046
0.257000	-0.000003	0.563558	0.000046
0.258000	-0.000003	0.562639	0.000046
0.259000	-0.000003	0.561721	0.000047
0.260000	-0.000003	0.560803	0.000047
0.261000	-0.000003	0.559886	0.000047
0.262000	-0.000003	0.558969	0.000048
0.263000	-0.000004	0.558053	0.000048
0.264000	-0.000004	0.557137	0.000048
0.265000	-0.000004	0.556222	0.000049
0.266000	-0.000004	0.555307	0.000049
0.267000	-0.000004	0.554393	0.000049
0.268000	-0.000004	0.553479	0.000050
0.269000	-0.000004	0.552566	0.000050
0.270000	-0.000004	0.551653	0.000050
0.271000	-0.000004	0.550741	0.000051
0.272000	-0.000004	0.549830	0.000051
0.273000	-0.000004	0.548919	0.000051
0.274000	-0.000004	0.548009	0.000052
0.275000	-0.000004	0.547099	0.000052
0.276000	-0.000004	0.546190	0.000052
0.277000	-0.000004	0.545282	0.000053
0.278000	-0.000004	0.544374	0.000053
0.279000	-0.000004	0.543467	0.000053
0.280000	-0.000004	0.542560	0.000054
0.281000	-0.000004	0.541654	0.000054
0.282000	-0.000004	0.540749	0.000054
0.283000	-0.000004	0.539844	0.000055
0.284000	-0.000005	0.538941	0.000055
0.285000	-0.000005	0.538037	0.000055
0.286000	-0.000005	0.537135	0.000056
0.287000	-0.000005	0.536233	0.000056
0.288000	-0.000005	0.535331	0.000056
0.289000	-0.000005	0.534431	0.000057
0.290000	-0.000005	0.533531	0.000057
0.291000	-0.000005	0.532631	0.000057
0.292000	-0.000005	0.531733	0.000058
0.293000	-0.000005	0.530835	0.000058
0.294000	-0.000005	0.529938	0.000058
0.295000	-0.000005	0.529042	0.000058
0.296000	-0.000005	0.528146	0.000059
0.297000	-0.000005	0.527251	0.000059
0.298000	-0.000005	0.526357	0.000059
0.299000	-0.000005	0.525463	0.000060
0.300000	-0.000005	0.524571	0.000060
0.301000	-0.000005	0.523679	0.000060
0.302000	-0.000005	0.522787	0.000061
0.303000	-0.000005	0.521897	0.000061
0.304000	-0.000006	0.521007	0.000061
0.305000	-0.000006	0.520118	0.000062
0.306000	-0.000006	0.519230	0.000062
0.307000	-0.000006	0.518343	0.000062
0.308000	-0.000006	0.517456	0.000062
0.309000	-0.000006	0.516570	0.000063
0.310000	-0.000006	0.515685	0.000063
0.311000	-0.000006	0.514801	0.000063
0.312000	-0.000006	0.513917	0.000064
0.313000	-0.000006	0.513035	0.000064
0.314000	-0.000006	0.512153	0.000064
0.315000	-0.000006	0.511272	0.000065
0.316000	-0.000006	0.510392	0.000065
0.317000	-0.000006	0.509512	0.000065
0.318000	-0.000006	0.508634	0.000065
0.319000	-0.000006	0.507756	0.000066
0.320000	-0.000006	0.506879	0.000066
0.321000	-0.000007	0.506003	0.000066
0.322000	-0.000007	0.505127	0.000067
0.323000	-0.000007	0.504253	0.000067
0.324000	-0.000007	0.503379	0.000067
0.325000	-0.000007	0.502506	0.000067
0.326000	-0.000007	0.501635	0.000068
0.327000	-0.000007	0.500763	0.000068
0.328000	-0.000007	0.499893	0.000068
0.329000	-0.000007	0.499024	0.000069
0.330000	-0.000007	0.498155	0.000069
0.331000	-0.000007	0.497288	0.000069
0.332000	-0.000007	0.496421	0.000069
0.333000	-0.000007	0.495555	0.000070
0.334000	-0.000007	0.494690	0.000070
0.335000	-0.000007	0.493826	0.000070
0.336000	-0.000007	0.492962	0.000070
0.337000	-0.000007	0.492100	0.000071
0.338000	-0.000008	0.491238	0.000071
0.339000	-0.000008	0.490378	0.000071
0.340000	-0.000008	0.489518	0.000072
0.341000	-0.000008	0.488659	0.000072
0.342000	-0.000008	0.487801	0.000072
0.343000	-0.000008	0.486944	0.000072
0.344000	-0.000008	0.486088	0.000073
0.345000	-0.000008	0.485232	0.000073
0.346000	-0.000008	0.484378	0.000073
0.347000	-0.000008	0.483524	0.000073
0.348000	-0.000008	0.482672	0.000074
0.349000	-0.000008	0.481820	0.000074
0.350000	-0.000008	0.480969	0.000074
0.351000	-0.000008	0.480119	0.000074
0.352000	-0.000008	0.479270	0.000075
0.353000	-0.000008	0.478422	0.000075
0.354000	-0.000009	0.477575	0.000075
0.355000	-0.000009	0.476729	0.000075
0.356000	-0.000009	0.475884	0.000076
0.357000	-0.000009	0.475039	0.000076
0.358000	-0.000009	0.474196	0.000076
0.359000	-0.000009	0.473353	0.000076
0.360000	-0.000009	0.472512	0.000077
0.361000	-0.000009	0.471671	0.000077
0.362000	-0.000009	0.470831	0.000077
0.363000	-0.000009	0.469992	0.000077
0.364000	-0.000009	0.469154	0.000077
0.365000	-0.000009	0.468317	0.000078
0.366000	-0.000009	0.467481	0.000078
0.367000	-0.000009	0.466646	0.000078
0.368000	-0.000009	0.465812	0.000078
0.369000	-0.000009	0.464979	0.000079
0.370000	-0.000010	0.464146	0.000079
0.371000	-0.000010	0.463315	0.000079
0.372000	-0.000010	0.462485	0.000079
0.373000	-0.000010	0.461655	0.000079
0.374000	-0.000010	0.460826	0.000080
0.375000	-0.000010	0.459999	0.000080
0.376000	-0.000010	0.459172	0.000080
0.377000	-0.000010	0.458347	0.000080
0.378000	-0.000010	0.457522	0.000080
0.379000	-0.000010	0.456698	0.000081
0.380000	-0.000010	0.455875	0.000081
0.381000	-0.000010	0.455053	0.000081
0.382000	-0.000010	0.454232	0.000081
0.383000	-0.000010	0.453412	0.000081
0.384000	-0.000010	0.452593	0.000082
0.385000	-0.000011	0.451775	0.000082
0.386000	-0.000011	0.450958	0.000082
0.387000	-0.000011	0.450142	0.000082
0.388000	-0.000011	0.449326	0.000082
0.389000	-0.000011	0.448512	0.000083
0.390000	-0.000011	0.447699	0.000083
0.391000	-0.000011	0.446886	0.000083
0.392000	-0.000011	0.446075	0.000083
0.393000	-0.000011	0.445265	0.000083
0.394000	-0.000011	0.444455	0.000083
0.395000	-0.000011	0.443646	0.000084
0.396000	-0.000011	0.442839	0.000084
0.397000	-0.000011	0.442032	0.000084
0.398000	-0.000011	0.441227	0.000084
0.399000	-0.000011	0.440422	0.000084
0.400000	-0.000012	0.439618	0.000085
0.401000	-0.000012	0.438815	0.000085
0.402000	-0.000012	0.438014	0.000085
0.403000	-0.000012	0.437213	0.000085
0.404000	-0.000012	0.436413	0.000085
0.405000	-0.000012	0.435614	0.000085
0.406000	-0.000012	0.434816	0.000085
0.407000	-0.000012	0.434019	0.000086
0.408000	-0.000012	0.433223	0.000086
0.409000	-0.000012	0.432428	0.000086
0.410000	-0.000012	0.431634	0.000086
0.411000	-0.000012	0.430841	0.000086
0.412000	-0.000012	0.430048	0.000086
0.413000	-0.000012	0.429257	0.000086
0.414000	-0.000013	0.428467	0.000087
0.415000	-0.000013	0.427678	0.000087
0.416000	-0.000013	0.426889	0.000087
0.417000	-0.000013	0.426102	0.000087
0.418000	-0.000013	0.425315	0.000087
0.419000	-0.000013	0.424530	0.000087
0.420000	-0.000013	0.423746	0.000087
0.421000	-0.000013	0.422962	0.000088
0.422000	-0.000013	0.422180	0.000088
0.423000	-0.000013	0.421398	0.000088
0.424000	-0.000013	0.420617	0.000088
0.425000	-0.000013	0.419838	0.000088
0.426000	-0.000013	0.419059	0.000088
0.427000	-0.000013	0.418281	0.000088
0.428000	-0.000013	0.417505	0.000088
0.429000	-0.000014	0.416729	0.000088
0.430000	-0.000014	0.415954	0.000089
0.431000	-0.000014	0.415180	0.000089
0.432000	-0.000014	0.414407	0.000089
0.433000	-0.000014	0.413635	0.000089
0.434000	-0.000014	0.412864	0.000089
0.435000	-0.000014	0.412094	0.000089
0.436000	-0.000014	0.411325	0.000089
0.437000	-0.000014	0.410557	0.000089
0.438000	-0.000014	0.409790	0.000089
0.439000	-0.000014	0.409024	0.000089
0.440000	-0.000014	0.408259	0.000090
0.441000	-0.000014	0.407494	0.000090
0.442000	-0.000014	0.406731	0.000090
0.443000	-0.000014	0.405969	0.000090
0.444000	-0.000015	0.405207	0.000090
0.445000	-0.000015	0.404447	0.000090
0.446000	-0.000015	0.403687	0.000090
0.447000	-0.000015	0.402929	0.000090
0.448000	-0.000015	0.402171	0.000090
0.449000	-0.000015	0.401415	0.000090
0.450000	-0.000015	0.400659	0.000090
0.451000	-0.000015	0.399905	0.000090
0.452000	-0.000015	0.399151	0.000090
0.453000	-0.000015	0.398398	0.000090
0.454000	-0.000015	0.397646	0.000091
0.455000	-0.000015	0.396895	0.000091
0.456000	-0.000015	0.396146	0.000091
0.457000	-0.000015	0.395397	0.000091
0.458000	-0.000016	0.394649	0.000091
0.459000	-0.000016	0.393902	0.000091
0.460000	-0.000016	0.393155	0.000091
0.461000	-0.000016	0.392410	0.000091
0.462000	-0.000016	0.391666	0.000091
0.463000	-0.000016	0.390923	0.000091
0.464000	-0.000016	0.390181	0.000091
0.465000	-0.000016	0.389439	0.000091
0.466000	-0.000016	0.388699	0.000091
0.467000	-0.000016	0.387959	0.000091
0.468000	-0.000016	0.387221	0.000091
0.469000	-0.000016	0.386483	0.000091
0.470000	-0.000016	0.385747	0.000091
0.471000	-0.000016	0.385011	0.000091
0.472000	-0.000016	0.384277	0.000091
0.473000	-0.000017	0.383543	0.000091
0.474000	-0.000017	0.382810	0.000091
0.475000	-0.000017	0.382078	0.000091
0.476000	-0.000017	0.381347	0.000091
0.477000	-0.000017	0.380617	0.000091
0.478000	-0.000017	0.379888	0.000091
0.479000	-0.000017	0.379160	0.000091
0.480000	-0.000017	0.378433	0.000091
0.481000	-0.000017	0.377707	0.000091
0.482000	-0.000017	0.376981	0.000091
0.483000	-0.000017	0.376257	0.000091
0.484000	-0.000017	0.375533	0.000091
0.485000	-0.000017	0.374811	0.000091
0.486000	-0.000017	0.374089	0.000091
0.487000	-0.000017	0.373369	0.000091
0.488000	-0.000018	0.372649	0.000091
0.489000	-0.000018	0.371930	0.000091
0.490000	-0.000018	0.371213	0.000091
0.491000	-0.000018	0.370496	0.000091
0.492000	-0.000018	0.369780	0.000091
0.493000	-0.000018	0.369065	0.000091
0.494000	-0.000018	0.368351	0.000091
0.495000	-0.000018	0.367637	0.000091
0.496000	-0.000018	0.366925	0.000091
0.497000	-0.000018	0.366214	0.000091
0.498000	-0.000018	0.365504	0.000091
0.499000	-0.000018	0.364794	0.000091
0.500000	-0.000018	0.364086	0.000091
0.501000	-0.000018	0.363378	0.000091
0.502000	-0.000018	0.362671	0.000091
0.503000	-0.000018	0.361966	0.000091
0.504000	-0.000019	0.361261	0.000091
0.505000	-0.000019	0.360557	0.000091
0.506000	-0.000019	0.359854	0.000091
0.507000	-0.000019	0.359152	0.000091
0.508000	-0.000019	0.358451	0.000091
0.509000	-0.000019	0.357750	0.000091
0.510000	-0.000019	0.357051	0.000091
0.511000	-0.000019	0.356353	0.000091
0.512000	-0.000019	0.355655	0.000091
0.513000	-0.000019	0.354958	0.000091
0.514000	-0.000019	0.354263	0.000091
0.515000	-0.000019	0.353568	0.000090
0.516000	-0.000019	0.352874	0.000090
0.517000	-0.000019	0.352181	0.000090
0.518000	-0.000019	0.351489	0.000090
0.519000	-0.000020	0.350798	0.000090
0.520000	-0.000020	0.350108	0.000090
0.521000	-0.000020	0.349419	0.000090
0.522000	-0.000020	0.348730	0.000090
0.523000	-0.000020	0.348043	0.000090
0.524000	-0.000020	0.347356	0.000090
0.525000	-0.000020	0.346671	0.000090
0.526000	-0.000020	0.345986	0.000090
0.527000	-0.000020	0.345302	0.000090
0.528000	-0.000020	0.344619	0.000090
0.529000	-0.000020	0.343937	0.000089
0.530000	-0.000020	0.343256	0.000089
0.531000	-0.000020	0.342575	0.000089
0.532000	-0.000020	0.341896	0.000089
0.533000	-0.000020	0.341218	0.000089
0.534000	-0.000020	0.340540	0.000089
0.535000	-0.000020	0.339863	0.000089
0.536000	-0.000021	0.339188	0.000089
0.537000	-0.000021	0.338513	0.000089
0.538000	-0.000021	0.337839	0.000089
0.539000	-0.000021	0.337166	0.000088
0.540000	-0.000021	0.336493	0.000088
0.541000	-0.000021	0.335822	0.000088
0.542000	-0.000021	0.335152	0.000088
0.543000	-0.000021	0.334482	0.000088
0.544000	-0.000021	0.333814	0.000088
0.545000	-0.000021	0.333146	0.000088
0.546000	-0.000021	0.332479	0.000088
0.547000	-0.000021	0.331813	0.000088
0.548000	-0.000021	0.331148	0.000087
0.549000	-0.000021	0.330484	0.000087
0.550000	-0.000021	0.329820	0.000087
0.551000	-0.000021	0.329158	0.000087
0.552000	-0.000021	0.328496	0.000087
0.553000	-0.000022	0.327836	0.000087
0.554000	-0.000022	0.327176	0.000087
0.555000	-0.000022	0.326517	0.000087
0.556000	-0.000022	0.325859	0.000086
0.557000	-0.000022	0.325202	0.000086
0.558000	-0.000022	0.324546	0.000086
0.559000	-0.000022	0.323890	0.000086
0.560000	-0.000022	0.323236	0.000086
0.561000	-0.000022	0.322582	0.000086
0.562000	-0.000022	0.321929	0.000086
0.563000	-0.000022	0.321277	0.000085
0.564000	-0.000022	0.320626	0.000085
0.565000	-0.000022	0.319976	0.000085
0.566000	-0.000022	0.319327	0.000085
0.567000	-0.000022	0.318678	0.000085
0.568000	-0.000022	0.318031	0.000085
0.569000	-0.000022	0.317384	0.000085
0.570000	-0.000022	0.316738	0.000084
0.571000	-0.000023	0.316093	0.000084
0.572000	-0.000023	0.315449	0.000084
0.573000	-0.000023	0.314806	0.000084
0.574000	-0.000023	0.314164	0.000084
0.575000	-0.000023	0.313522	0.000084
0.576000	-0.000023	0.312881	0.000083
0.577000	-0.000023	0.312242	0.000083
0.578000	-0.000023	0.311603	0.000083
0.579000	-0.000023	0.310965	0.000083
0.580000	-0.000023	0.310328	0.000083
0.581000	-0.000023	0.309691	0.000083
0.582000	-0.000023	0.309056	0.000082
0.583000	-0.000023	0.308421	0.000082
0.584000	-0.000023	0.307787	0.000082
0.585000	-0.000023	0.307154	0.000082
0.586000	-0.000023	0.306522	0.000082
0.587000	-0.000023	0.305891	0.000082
0.588000	-0.000023	0.305261	0.000081
0.589000	-0.000024	0.304631	0.000081
0.590000	-0.000024	0.304003	0.000081
0.591000	-0.000024	0.303375	0.000081
0.592000	-0.000024	0.302748	0.000081
0.593000	-0.000024	0.302122	0.000080
0.594000	-0.000024	0.301497	0.000080
0.595000	-0.000024	0.300872	0.000080
0.596000	-0.000024	0.300249	0.000080
0.597000	-0.000024	0.299626	0.000080
0.598000	-0.000024	0.299004	0.000079
0.599000	-0.000024	0.298383	0.000079
0.600000	-0.000024	0.297763	0.000079
0.601000	-0.000024	0.297144	0.000079
0.602000	-0.000024	0.296525	0.000079
0.603000	-0.000024	0.295908	0.000078
0.604000	-0.000024	0.295291	0.000078
0.605000	-0.000024	0.294675	0.000078
0.606000	-0.000024	0.294060	0.000078
0.607000	-0.000024	0.293445	0.000078
0.608000	-0.000024	0.292832	0.000077
0.609000	-0.000024	0.292219	0.000077
0.610000	-0.000025	0.291608	0.000077
0.611000	-0.000025	0.290997	0.000077
0.612000	-0.000025	0.290387	0.000077
0.613000	-0.000025	0.289777	0.000076
0.614000	-0.000025	0.289169	0.000076
0.615000	-0.000025	0.288561	0.000076
0.616000	-0.000025	0.287955	0.000076
0.617000	-0.000025	0.287349	0.000075
0.618000	-0.000025	0.286744	0.000075
0.619000	-0.000025	0.286139	0.000075
0.620000	-0.000025	0.285536	0.000075
0.621000	-0.000025	0.284933	0.000075
0.622000	-0.000025	0.284331	0.000074
0.623000	-0.000025	0.283731	0.000074
0.624000	-0.000025	0.283130	0.000074
0.625000	-0.000025	0.282531	0.000074
0.626000	-0.000025	0.281933	0.000073
0.627000	-0.000025	0.281335	0.000073
0.628000	-0.000025	0.280738	0.000073
0.629000	-0.000025	0.280142	0.000073
0.630000	-0.000025	0.279547	0.000072
0.631000	-0.000025	0.278953	0.000072
0.632000	-0.000026	0.278359	0.000072
0.633000	-0.000026	0.277766	0.000072
0.634000	-0.000026	0.277174	0.000072
0.635000	-0.000026	0.276583	0.000071
0.636000	-0.000026	0.275993	0.000071
0.637000	-0.000026	0.275404	0.000071
0.638000	-0.000026	0.274815	0.000071
0.639000	-0.000026	0.274227	0.000070
0.640000	-0.000026	0.273640	0.000070
0.641000	-0.000026	0.273054	0.000070
0.642000	-0.000026	0.272469	0.000070
0.643000	-0.000026	0.271884	0.000069
0.644000	-0.000026	0.271301	0.000069
0.645000	-0.000026	0.270718	0.000069
0.646000	-0.000026	0.270135	0.000069
0.647000	-0.000026	0.269554	0.000068
0.648000	-0.000026	0.268974	0.000068
0.649000	-0.000026	0.268394	0.000068
0.650000	-0.000026	0.267815	0.000067
0.651000	-0.000026	0.267237	0.000067
0.652000	-0.000026	0.266660	0.000067
0.653000	-0.000026	0.266083	0.000067
0.654000	-0.000026	0.265508	0.000066
0.655000	-0.000026	0.264933	0.000066
0.656000	-0.000026	0.264359	0.000066
0.657000	-0.000027	0.263786	0.000066
0.658000	-0.000027	0.263213	0.000065
0.659000	-0.000027	0.262642	0.000065
0.660000	-0.000027	0.262071	0.000065
0.661000	-0.000027	0.261501	0.000065
0.662000	-0.000027	0.260932	0.000064
0.663000	-0.000027	0.260363	0.000064
0.664000	-0.000027	0.259796	0.000064
0.665000	-0.000027	0.259229	0.000063
0.666000	-0.000027	0.258663	0.000063
0.667000	-0.000027	0.258098	0.000063
0.668000	-0.000027	0.257534	0.000063
0.669000	-0.000027	0.256970	0.000062
0.670000	-0.000027	0.256407	0.000062
0.671000	-0.000027	0.255845	0.000062
0.672000	-0.000027	0.255284	0.000061
0.673000	-0.000027	0.254724	0.000061
0.674000	-0.000027	0.254164	0.000061
0.675000	-0.000027	0.253605	0.000061
0.676000	-0.000027	0.253047	0.000060
0.677000	-0.000027	0.252490	0.000060
0.678000	-0.000027	0.251934	0.000060
0.679000	-0.000027	0.251378	0.000059
0.680000	-0.000027	0.250823	0.000059
0.681000	-0.000027	0.250269	0.000059
0.682000	-0.000027	0.249716	0.000059
0.683000	-0.000027	0.249163	0.000058
0.684000	-0.000027	0.248612	0.000058
0.685000	-0.000028	0.248061	0.000058
0.686000	-0.000028	0.247511	0.000057
0.687000	-0.000028	0.246962	0.000057
0.688000	-0.000028	0.246413	0.000057
0.689000	-0.000028	0.245865	0.000057
0.690000	-0.000028	0.245318	0.000056
0.691000	-0.000028	0.244772	0.000056
0.692000	-0.000028	0.244227	0.000056
0.693000	-0.000028	0.243682	0.000055
0.694000	-0.000028	0.243139	0.000055
0.695000	-0.000028	0.242596	0.000055
0.696000	-0.000028	0.242053	0.000054
0.697000	-0.000028	0.241512	0.000054
0.698000	-0.000028	0.240971	0.000054
0.699000	-0.000028	0.240431	0.000054
0.700000	-0.000028	0.239892	0.000053
0.701000	-0.000028	0.239354	0.000053
0.702000	-0.000028	0.238817	0.000053
0.703000	-0.000028	0.238280	0.000052
0.704000	-0.000028	0.237744	0.000052
0.705000	-0.000028	0.237209	0.000052
0.706000	-0.000028	0.236674	0.000051
0.707000	-0.000028	0.236141	0.000051
0.708000	-0.000028	0.235608	0.000051
0.709000	-0.000028	0.235076	0.000051
0.710000	-0.000028	0.234545	0.000050
0.711000	-0.000028	0.234014	0.000050
0.712000	-0.000028	0.233484	0.000050
0.713000	-0.000028	0.232956	0.000049
0.714000	-0.000028	0.232427	0.000049
0.715000	-0.000028	0.231900	0.000049
0.716000	-0.000028	0.231373	0.000048
0.717000	-0.000028	0.230848	0.000048
0.718000	-0.000028	0.230323	0.000048
0.719000	-0.000028	0.229798	0.000047
0.720000	-0.000028	0.229275	0.000047
0.721000	-0.000029	0.228752	0.000047
0.722000	-0.000029	0.228230	0.000046
0.723000	-0.000029	0.227709	0.000046
0.724000	-0.000029	0.227188	0.000046
0.725000	-0.000029	0.226669	0.000046
0.726000	-0.000029	0.226150	0.000045
0.727000	-0.000029	0.225632	0.000045
0.728000	-0.000029	0.225114	0.000045
0.729000	-0.000029	0.224598	0.000044
0.730000	-0.000029	0.224082	0.000044
0.731000	-0.000029	0.223567	0.000044
0.732000	-0.000029	0.223053	0.000043
0.733000	-0.000029	0.222539	0.000043
0.734000	-0.000029	0.222027	0.000043
0.735000	-0.000029	0.221515	0.000042
0.736000	-0.000029	0.221004	0.000042
0.737000	-0.000029	0.220493	0.000042
0.738000	-0.000029	0.219983	0.000041
0.739000	-0.000029	0.219475	0.000041
0.740000	-0.000029	0.218967	0.000041
0.741000	-0.000029	0.218459	0.000040
0.742000	-0.000029	0.217953	0.000040
0.743000	-0.000029	0.217447	0.000040
0.744000	-0.000029	0.216942	0.000039
0.745000	-0.000029	0.216437	0.000039
0.746000	-0.000029	0.215934	0.000039
0.747000	-0.000029	0.215431	0.000038
0.748000	-0.000029	0.214929	0.000038
0.749000	-0.000029	0.214428	0.000038
0.750000	-0.000029	0.213927	0.000037
0.751000	-0.000029	0.213428	0.000037
0.752000	-0.000029	0.212929	0.000037
0.753000	-0.000029	0.212431	0.000036
0.754000	-0.000029	0.211933	0.000036
0.755000	-0.000029	0.211437	0.000036
0.756000	-0.000029	0.210941	0.000035
0.757000	-0.000029	0.210445	0.000035
0.758000	-0.000029	0.209951	0.000035
0.759000	-0.000029	0.209457	0.000034
0.760000	-0.000029	0.208965	0.000034
0.761000	-0.000029	0.208472	0.000034
0.762000	-0.000029	0.207981	0.000034
0.763000	-0.000029	0.207490	0.000033
0.764000	-0.000029	0.207001	0.000033
0.765000	-0.000029	0.206512	0.000033
0.766000	-0.000029	0.206023	0.000032
0.767000	-0.000029	0.205536	0.000032
0.768000	-0.000029	0.205049	0.000032
0.769000	-0.000029	0.204563	0.000031
0.770000	-0.000029	0.204078	0.000031
0.771000	-0.000029	0.203593	0.000031
0.772000	-0.000030	0.203109	0.000030
0.773000	-0.000030	0.202626	0.000030
0.774000	-0.000030	0.202144	0.000030
0.775000	-0.000030	0.201662	0.000029
0.776000	-0.000030	0.201182	0.000029
0.777000	-0.000030	0.200701	0.000029
0.778000	-0.000030	0.200222	0.000028
0.779000	-0.000030	0.199744	0.000028
0.780000	-0.000030	0.199266	0.000028
0.781000	-0.000030	0.198789	0.000027
0.782000	-0.000030	0.198313	0.000027
0.783000	-0.000030	0.197837	0.000027
0.784000	-0.000030	0.197362	0.000026
0.785000	-0.000030	0.196888	0.000026
0.786000	-0.000030	0.196415	0.000026
0.787000	-0.000030	0.195943	0.000025
0.788000	-0.000030	0.195471	0.000025
0.789000	-0.000030	0.195000	0.000025
0.790000	-0.000030	0.194529	0.000024
0.791000	-0.000030	0.194060	0.000024
0.792000	-0.000030	0.193591	0.000024
0.793000	-0.000030	0.193123	0.000023
0.794000	-0.000030	0.192656	0.000023
0.795000	-0.000030	0.192189	0.000023
0.796000	-0.000030	0.191724	0.000022
0.797000	-0.000030	0.191259	0.000022
0.798000	-0.000030	0.190794	0.000022
0.799000	-0.000030	0.190331	0.000021
0.800000	-0.000030	0.189868	0.000021
0.801000	-0.000030	0.189406	0.000021
0.802000	-0.000030	0.188944	0.000020
0.803000	-0.000030	0.188484	0.000020
0.804000	-0.000030	0.188024	0.000020
0.805000	-0.000030	0.187565	0.000019
0.806000	-0.000030	0.187107	0.000019
0.807000	-0.000030	0.186649	0.000019
0.808000	-0.000030	0.186192	0.000018
0.809000	-0.000030	0.185736	0.000018
0.810000	-0.000030	0.185281	0.000018
0.811000	-0.000030	0.184826	0.000017
0.812000	-0.000030	0.184372	0.000017
0.813000	-0.000030	0.183919	0.000017
0.814000	-0.000030	0.183467	0.000016
0.815000	-0.000030	0.183015	0.000016
0.816000	-0.000030	0.182564	0.000016
0.817000	-0.000030	0.182114	0.000015
0.818000	-0.000030	0.181664	0.000015
0.819000	-0.000030	0.181216	0.000015
0.820000	-0.000030	0.180768	0.000014
0.821000	-0.000030	0.180321	0.000014
0.822000	-0.000030	0.179874	0.000014
0.823000	-0.000030	0.179428	0.000013
0.824000	-0.000030	0.178983	0.000013
0.825000	-0.000030	0.178539	0.000013
0.826000	-0.000030	0.178096	0.000012
0.827000	-0.000030	0.177653	0.000012
0.828000	-0.000030	0.177211	0.000012
0.829000	-0.000030	0.176769	0.000011
0.830000	-0.000030	0.176329	0.000011
0.831000	-0.000030	0.175889	0.000011
0.832000	-0.000030	0.175450	0.000010
0.833000	-0.000030	0.175011	0.000010
0.834000	-0.000030	0.174574	0.000010
0.835000	-0.000030	0.174137	0.000009
0.836000	-0.000030	0.173701	0.000009
0.837000	-0.000030	0.173265	0.000009
0.838000	-0.000030	0.172830	0.000008
0.839000	-0.000030	0.172397	0.000008
0.840000	-0.000030	0.171963	0.000008
0.841000	-0.000030	0.171531	0.000007
0.842000	-0.000030	0.171099	0.000007
0.843000	-0.000030	0.170668	0.000007
0.844000	-0.000030	0.170238	0.000006
0.845000	-0.000030	0.169808	0.000006
0.846000	-0.000030	0.169379	0.000006
0.847000	-0.000030	0.168951	0.000005
0.848000	-0.000030	0.168524	0.000005
0.849000	-0.000030	0.168097	0.000005
0.850000	-0.000030	0.167671	0.000004
0.851000	-0.000030	0.167246	0.000004
0.852000	-0.000030	0.166821	0.000004
0.853000	-0.000030	0.166398	0.000003
0.854000	-0.000030	0.165975	0.000003
0.855000	-0.000030	0.165552	0.000003
0.856000	-0.000030	0.165131	0.000002
0.857000	-0.000030	0.164710	0.000002
0.858000	-0.000030	0.164290	0.000002
0.859000	-0.000030	0.163871	0.000001
0.860000	-0.000030	0.163452	0.000001
0.861000	-0.000030	0.163034	0.000001
0.862000	-0.000030	0.162617	0.000001
0.863000	-0.000030	0.162200	0.000000
0.864000	-0.000030	0.161785	-0.000000
0.865000	-0.000030	0.161370	-0.000000
0.866000	-0.000030	0.160955	-0.000001
0.867000	-0.000030	0.160542	-0.000001
0.868000	-0.000030	0.160129	-0.000001
0.869000	-0.000030	0.159717	-0.000002
0.870000	-0.000030	0.159305	-0.000002
0.871000	-0.000030	0.158895	-0.000002
0.872000	-0.000030	0.158485	-0.000003
0.873000	-0.000030	0.158076	-0.000003
0.874000	-0.000030	0.157667	-0.000003
0.875000	-0.000030	0.157259	-0.000004
0.876000	-0.000030	0.156852	-0.000004
0.877000	-0.000030	0.156446	-0.000004
0.878000	-0.000030	0.156040	-0.000005
0.879000	-0.000030	0.155635	-0.000005
0.880000	-0.000030	0.155231	-0.000005
0.881000	-0.000030	0.154828	-0.000005
0.882000	-0.000030	0.154425	-0.000006
0.883000	-0.000030	0.154023	-0.000006
0.884000	-0.000030	0.153622	-0.000006
0.885000	-0.000030	0.153221	-0.000007
0.886000	-0.000030	0.152821	-0.000007
0.887000	-0.000030	0.152422	-0.000007
0.888000	-0.000030	0.152024	-0.000008
0.889000	-0.000030	0.151626	-0.000008
0.890000	-0.000030	0.151229	-0.000008
0.891000	-0.000030	0.150833	-0.000009
0.892000	-0.000030	0.150437	-0.000009
0.893000	-0.000030	0.150042	-0.000009
0.894000	-0.000030	0.149648	-0.000010
0.895000	-0.000030	0.149255	-0.000010
0.896000	-0.000030	0.148862	-0.000010
0.897000	-0.000030	0.148470	-0.000010
0.898000	-0.000030	0.148079	-0.000011
0.899000	-0.000030	0.147689	-0.000011
0.900000	-0.000030	0.147299	-0.000011
0.901000	-0.000030	0.146910	-0.000012
0.902000	-0.000030	0.146521	-0.000012
0.903000	-0.000030	0.146134	-0.000012
0.904000	-0.000030	0.145747	-0.000013
0.905000	-0.000030	0.145360	-0.000013
0.906000	-0.000030	0.144975	-0.000013
0.907000	-0.000030	0.144590	-0.000013
0.908000	-0.000030	0.144206	-0.000014
0.909000	-0.000030	0.143822	-0.000014
0.910000	-0.000030	0.143440	-0.000014
0.911000	-0.000030	0.143058	-0.000015
0.912000	-0.000030	0.142676	-0.000015
0.913000	-0.000030	0.142296	-0.000015
0.914000	-0.000030	0.141916	-0.000016
0.915000	-0.000030	0.141537	-0.000016
0.916000	-0.000030	0.141158	-0.000016
0.917000	-0.000030	0.140781	-0.000016
0.918000	-0.000030	0.140404	-0.000017
0.919000	-0.000030	0.140027	-0.000017
0.920000	-0.000030	0.139652	-0.000017
0.921000	-0.000030	0.139277	-0.000018
0.922000	-0.000030	0.138903	-0.000018
0.923000	-0.000030	0.138529	-0.000018
0.924000	-0.000030	0.138156	-0.000018
0.925000	-0.000030	0.137784	-0.000019
0.926000	-0.000030	0.137413	-0.000019
0.927000	-0.000030	0.137042	-0.000019
0.928000	-0.000030	0.136672	-0.000020
0.929000	-0.000030	0.136303	-0.000020
0.930000	-0.000030	0.135935	-0.000020
0.931000	-0.000030	0.135567	-0.000020
0.932000	-0.000030	0.135200	-0.000021
0.933000	-0.000030	0.134833	-0.000021
0.934000	-0.000030	0.134467	-0.000021
0.935000	-0.000030	0.134102	-0.000022
0.936000	-0.000030	0.133738	-0.000022
0.937000	-0.000030	0.133374	-0.000022
0.938000	-0.000030	0.133011	-0.000022
0.939000	-0.000030	0.132649	-0.000023
0.940000	-0.000030	0.132288	-0.000023
0.941000	-0.000030	0.131927	-0.000023
0.942000	-0.000030	0.131567	-0.000024
0.943000	-0.000030	0.131207	-0.000024
0.944000	-0.000030	0.130849	-0.000024
0.945000	-0.000030	0.130491	-0.000024
0.946000	-0.000030	0.130133	-0.000025
0.947000	-0.000030	0.129777	-0.000025
0.948000	-0.000030	0.129421	-0.000025
0.949000	-0.000030	0.129065	-0.000025
0.950000	-0.000030	0.128711	-0.000026
0.951000	-0.000030	0.128357	-0.000026
0.952000	-0.000030	0.128004	-0.000026
0.953000	-0.000030	0.127651	-0.000027
0.954000	-0.000030	0.127300	-0.000027
0.955000	-0.000030	0.126949	-0.000027
0.956000	-0.000030	0.126598	-0.000027
0.957000	-0.000030	0.126248	-0.000028
0.958000	-0.000030	0.125900	-0.000028
0.959000	-0.000030	0.125551	-0.000028
0.960000	-0.000030	0.125204	-0.000028
0.961000	-0.000030	0.124857	-0.000029
0.962000	-0.000030	0.124510	-0.000029
0.963000	-0.000030	0.124165	-0.000029
0.964000	-0.000030	0.123820	-0.000029
0.965000	-0.000030	0.123476	-0.000030
0.966000	-0.000030	0.123132	-0.000030
0.967000	-0.000030	0.122790	-0.000030
0.968000	-0.000030	0.122448	-0.000030
0.969000	-0.000030	0.122106	-0.000031
0.970000	-0.000030	0.121766	-0.000031
0.971000	-0.000030	0.121426	-0.000031
0.972000	-0.000030	0.121086	-0.000031
0.973000	-0.000030	0.120748	-0.000032
0.974000	-0.000029	0.120410	-0.000032
0.975000	-0.000029	0.120072	-0.000032
0.976000	-0.000029	0.119736	-0.000032
0.977000	-0.000029	0.119400	-0.000033
0.978000	-0.000029	0.119065	-0.000033
0.979000	-0.000029	0.118730	-0.000033
0.980000	-0.000029	0.118396	-0.000033
0.981000	-0.000029	0.118063	-0.000034
0.982000	-0.000029	0.117731	-0.000034
0.983000	-0.000029	0.117399	-0.000034
0.984000	-0.000029	0.117068	-0.000034
0.985000	-0.000029	0.116737	-0.000035
0.986000	-0.000029	0.116408	-0.000035
0.987000	-0.000029	0.116078	-0.000035
0.988000	-0.000029	0.115750	-0.000035
0.989000	-0.000029	0.115422	-0.000036
0.990000	-0.000029	0.115095	-0.000036
0.991000	-0.000029	0.114769	-0.000036
0.992000	-0.000029	0.114443	-0.000036
0.993000	-0.000029	0.114118	-0.000037
0.994000	-0.000029	0.113794	-0.000037
0.995000	-0.000029	0.113470	-0.000037
0.996000	-0.000029	0.113147	-0.000037
0.997000	-0.000029	0.112825	-0.000038
0.998000	-0.000029	0.112503	-0.000038
0.999000	-0.000029	0.112183	-0.000038
1.000000	-0.000029	0.111862	-0.000038
1.001000	-0.000029	0.111543	-0.000038
1.002000	-0.000029	0.111224	-0.000039
1.003000	-0.000029	0.110906	-0.000039
1.004000	-0.000029	0.110588	-0.000039
1.005000	-0.000029	0.110271	-0.000039
1.006000	-0.000029	0.109955	-0.000040
1.007000	-0.000029	0.109639	-0.000040
1.008000	-0.000029	0.109324	-0.000040
1.009000	-0.000029	0.109010	-0.000040
1.010000	-0.000029	0.108697	-0.000041
1.011000	-0.000029	0.108384	-0.000041
1.012000	-0.000029	0.108072	-0.000041
1.013000	-0.000029	0.107760	-0.000041
1.014000	-0.000029	0.107449	-0.000041
1.015000	-0.000029	0.107139	-0.000042
1.016000	-0.000029	0.106830	-0.000042
1.017000	-0.000029	0.106521	-0.000042
1.018000	-0.000029	0.106212	-0.000042
1.019000	-0.000029	0.105905	-0.000043
1.020000	-0.000029	0.105598	-0.000043
1.021000	-0.000029	0.105292	-0.000043
1.022000	-0.000029	0.104986	-0.000043
1.023000	-0.000029	0.104681	-0.000043
1.024000	-0.000029	0.104377	-0.000044
1.025000	-0.000029	0.104074	-0.000044
1.026000	-0.000029	0.103771	-0.000044
1.027000	-0.000029	0.103469	-0.000044
1.028000	-0.000029	0.103167	-0.000044
1.029000	-0.000029	0.102866	-0.000045
1.030000	-0.000029	0.102566	-0.000045
1.031000	-0.000029	0.102266	-0.000045
1.032000	-0.000029	0.101967	-0.000045
1.033000	-0.000029	0.101669	-0.000045
1.034000	-0.000029	0.101372	-0.000046
1.035000	-0.000029	0.101075	-0.000046
1.036000	-0.000029	0.100778	-0.000046
1.037000	-0.000029	0.100483	-0.000046
1.038000	-0.000029	0.100188	-0.000046
1.039000	-0.000029	0.099893	-0.000047
1.040000	-0.000029	0.099600	-0.000047
1.041000	-0.000029	0.099307	-0.000047
1.042000	-0.000029	0.099014	-0.000047
1.043000	-0.000029	0.098723	-0.000047
1.044000	-0.000029	0.098432	-0.000048
1.045000	-0.000029	0.098141	-0.000048
1.046000	-0.000029	0.097851	-0.000048
1.047000	-0.000029	0.097562	-0.000048
1.048000	-0.000029	0.097274	-0.000048
1.049000	-0.000029	0.096986	-0.000049
1.050000	-0.000029	0.096699	-0.000049
1.051000	-0.000029	0.096413	-0.000049
1.052000	-0.000029	0.096127	-0.000049
1.053000	-0.000028	0.095841	-0.000049
1.054000	-0.000028	0.095557	-0.000049
1.055000	-0.000028	0.095273	-0.000050
1.056000	-0.000028	0.094990	-0.000050
1.057000	-0.000028	0.094707	-0.000050
1.058000	-0.000028	0.094425	-0.000050
1.059000	-0.000028	0.094144	-0.000050
1.060000	-0.000028	0.093863	-0.000051
1.061000	-0.000028	0.093583	-0.000051
1.062000	-0.000028	0.093304	-0.000051
1.063000	-0.000028	0.093025	-0.000051
1.064000	-0.000028	0.092747	-0.000051
1.065000	-0.000028	0.092469	-0.000051
1.066000	-0.000028	0.092193	-0.000052
1.067000	-0.000028	0.091916	-0.000052
1.068000	-0.000028	0.091641	-0.000052
1.069000	-0.000028	0.091366	-0.000052
1.070000	-0.000028	0.091092	-0.000052
1.071000	-0.000028	0.090818	-0.000052
1.072000	-0.000028	0.090545	-0.000053
1.073000	-0.000028	0.090273	-0.000053
1.074000	-0.000028	0.090001	-0.000053
1.075000	-0.000028	0.089730	-0.000053
1.076000	-0.000028	0.089459	-0.000053
1.077000	-0.000028	0.089190	-0.000053
1.078000	-0.000028	0.088920	-0.000054
1.079000	-0.000028	0.088652	-0.000054
1.080000	-0.000028	0.088384	-0.000054
1.081000	-0.000028	0.088117	-0.000054
1.082000	-0.000028	0.087850	-0.000054
1.083000	-0.000028	0.087584	-0.000054
1.084000	-0.000028	0.087318	-0.000055
1.085000	-0.000028	0.087054	-0.000055
1.086000	-0.000028	0.086789	-0.000055
1.087000	-0.000028	0.086526	-0.000055
1.088000	-0.000028	0.086263	-0.000055
1.089000	-0.000028	0.086001	-0.000055
1.090000	-0.000028	0.085739	-0.000056
1.091000	-0.000028	0.085478	-0.000056
1.092000	-0.000028	0.085218	-0.000056
1.093000	-0.000028	0.084958	-0.000056
1.094000	-0.000028	0.084699	-0.000056
1.095000	-0.000028	0.084440	-0.000056
1.096000	-0.000028	0.084182	-0.000056
1.097000	-0.000028	0.083925	-0.000057
1.098000	-0.000028	0.083669	-0.000057
1.099000	-0.000028	0.083412	-0.000057
1.100000	-0.000028	0.083157	-0.000057
1.101000	-0.000028	0.082902	-0.000057
1.102000	-0.000028	0.082648	-0.000057
1.103000	-0.000028	0.082395	-0.000057
1.104000	-0.000028	0.082142	-0.000058
1.105000	-0.000028	0.081889	-0.000058
1.106000	-0.000028	0.081638	-0.000058
1.107000	-0.000028	0.081386	-0.000058
1.108000	-0.000028	0.081136	-0.000058
1.109000	-0.000028	0.080886	-0.000058
1.110000	-0.000028	0.080637	-0.000058
1.111000	-0.000028	0.080388	-0.000058
1.112000	-0.000028	0.080140	-0.000059
1.113000	-0.000028	0.079893	-0.000059
1.114000	-0.000028	0.079646	-0.000059
1.115000	-0.000028	0.079400	-0.000059
1.116000	-0.000028	0.079154	-0.000059
1.117000	-0.000028	0.078909	-0.000059
1.118000	-0.000028	0.078665	-0.000059
1.119000	-0.000028	0.078421	-0.000060
1.120000	-0.000028	0.078178	-0.000060
1.121000	-0.000028	0.077935	-0.000060
1.122000	-0.000027	0.077693	-0.000060
1.123000	-0.000027	0.077452	-0.000060
1.124000	-0.000027	0.077211	-0.000060
1.125000	-0.000027	0.076971	-0.000060
1.126000	-0.000027	0.076732	-0.000060
1.127000	-0.000027	0.076493	-0.000060
1.128000	-0.000027	0.076254	-0.000061
1.129000	-0.000027	0.076017	-0.000061
1.130000	-0.000027	0.075779	-0.000061
1.131000	-0.000027	0.075543	-0.000061
1.132000	-0.000027	0.075307	-0.000061
1.133000	-0.000027	0.075072	-0.000061
1.134000	-0.000027	0.074837	-0.000061
1.135000	-0.000027	0.074603	-0.000061
1.136000	-0.000027	0.074369	-0.000062
1.137000	-0.000027	0.074136	-0.000062
1.138000	-0.000027	0.073904	-0.000062
1.139000	-0.000027	0.073672	-0.000062
1.140000	-0.000027	0.073441	-0.000062
1.141000	-0.000027	0.073210	-0.000062
1.142000	-0.000027	0.072980	-0.000062
1.143000	-0.000027	0.072751	-0.000062
1.144000	-0.000027	0.072522	-0.000062
1.145000	-0.000027	0.072294	-0.000062
1.146000	-0.000027	0.072066	-0.000063
1.147000	-0.000027	0.071839	-0.000063
1.148000	-0.000027	0.071613	-0.000063
1.149000	-0.000027	0.071387	-0.000063
1.150000	-0.000027	0.071162	-0.000063
1.151000	-0.000027	0.070937	-0.000063
1.152000	-0.000027	0.070713	-0.000063
1.153000	-0.000027	0.070489	-0.000063
1.154000	-0.000027	0.070266	-0.000063
1.155000	-0.000027	0.070044	-0.000063
1.156000	-0.000027	0.069822	-0.000064
1.157000	-0.000027	0.069601	-0.000064
1.158000	-0.000027	0.069380	-0.000064
1.159000	-0.000027	0.069160	-0.000064
1.160000	-0.000027	0.068941	-0.000064
1.161000	-0.000027	0.068722	-0.000064
1.162000	-0.000027	0.068504	-0.000064
1.163000	-0.000027	0.068286	-0.000064
1.164000	-0.000027	0.068069	-0.000064
1.165000	-0.000027	0.067852	-0.000064
1.166000	-0.000027	0.067636	-0.000064
1.167000	-0.000027	0.067421	-0.000064
1.168000	-0.000027	0.067206	-0.000065
1.169000	-0.000027	0.066992	-0.000065
1.170000	-0.000027	0.066778	-0.000065
1.171000	-0.000027	0.066565	-0.000065
1.172000	-0.000027	0.066352	-0.000065
1.173000	-0.000027	0.066140	-0.000065
1.174000	-0.000027	0.065929	-0.000065
1.175000	-0.000027	0.065718	-0.000065
1.176000	-0.000027	0.065508	-0.000065
1.177000	-0.000027	0.065298	-0.000065
1.178000	-0.000027	0.065089	-0.000065
1.179000	-0.000027	0.064880	-0.000065
1.180000	-0.000027	0.064672	-0.000065
1.181000	-0.000027	0.064464	-0.000065
1.182000	-0.000027	0.064258	-0.000066
1.183000	-0.000027	0.064051	-0.000066
1.184000	-0.000027	0.063845	-0.000066
1.185000	-0.000027	0.063640	-0.000066
1.186000	-0.000027	0.063435	-0.000066
1.187000	-0.000027	0.063231	-0.000066
1.188000	-0.000027	0.063028	-0.000066
1.189000	-0.000027	0.062825	-0.000066
1.190000	-0.000027	0.062622	-0.000066
1.191000	-0.000027	0.062420	-0.000066
1.192000	-0.000027	0.062219	-0.000066
1.193000	-0.000027	0.062018	-0.000066
1.194000	-0.000026	0.061818	-0.000066
1.195000	-0.000026	0.061618	-0.000066
1.196000	-0.000026	0.061419	-0.000066
1.197000	-0.000026	0.061221	-0.000066
1.198000	-0.000026	0.061023	-0.000067
1.199000	-0.000026	0.060825	-0.000067
1.200000	-0.000026	0.060628	-0.000067
1.201000	-0.000026	0.060432	-0.000067
1.202000	-0.000026	0.060236	-0.000067
1.203000	-0.000026	0.060041	-0.000067
1.204000	-0.000026	0.059846	-0.000067
1.205000	-0.000026	0.059652	-0.000067
1.206000	-0.000026	0.059458	-0.000067
1.207000	-0.000026	0.059265	-0.000067
1.208000	-0.000026	0.059072	-0.000067
1.209000	-0.000026	0.058880	-0.000067
1.210000	-0.000026	0.058689	-0.000067
1.211000	-0.000026	0.058498	-0.000067
1.212000	-0.000026	0.058307	-0.000067
1.213000	-0.000026	0.058117	-0.000067
1.214000	-0.000026	0.057928	-0.000067
1.215000	-0.000026	0.057739	-0.000067
1.216000	-0.000026	0.057551	-0.000067
1.217000	-0.000026	0.057363	-0.000067
1.218000	-0.000026	0.057176	-0.000067
1.219000	-0.000026	0.056989	-0.000068
1.220000	-0.000026	0.056803	-0.000068
1.221000	-0.000026	0.056618	-0.000068
1.222000	-0.000026	0.056432	-0.000068
1.223000	-0.000026	0.056248	-0.000068
1.224000	-0.000026	0.056064	-0.000068
1.225000	-0.000026	0.055880	-0.000068
1.226000	-0.000026	0.055697	-0.000068
1.227000	-0.000026	0.055515	-0.000068
1.228000	-0.000026	0.055333	-0.000068
1.229000	-0.000026	0.055152	-0.000068
1.230000	-0.000026	0.054971	-0.000068
1.231000	-0.000026	0.054790	-0.000068
1.232000	-0.000026	0.054611	-0.000068
1.233000	-0.000026	0.054431	-0.000068
1.234000	-0.000026	0.054253	-0.000068
1.235000	-0.000026	0.054074	-0.000068
1.236000	-0.000026	0.053897	-0.000068
1.237000	-0.000026	0.053719	-0.000068
1.238000	-0.000026	0.053543	-0.000068
1.239000	-0.000026	0.053366	-0.000068
1.240000	-0.000026	0.053191	-0.000068
1.241000	-0.000026	0.053016	-0.000068
1.242000	-0.000026	0.052841	-0.000068
1.243000	-0.000026	0.052667	-0.000068
1.244000	-0.000026	0.052493	-0.000068
1.245000	-0.000026	0.052320	-0.000068
1.246000	-0.000026	0.052148	-0.000068
1.247000	-0.000026	0.051975	-0.000068
1.248000	-0.000026	0.051804	-0.000068
1.249000	-0.000026	0.051633	-0.000068
1.250000	-0.000026	0.051462	-0.000068
1.251000	-0.000026	0.051292	-0.000068
1.252000	-0.000026	0.051123	-0.000068
1.253000	-0.000026	0.050954	-0.000068
1.254000	-0.000026	0.050785	-0.000068
1.255000	-0.000026	0.050617	-0.000068
1.256000	-0.000026	0.050450	-0.000068
1.257000	-0.000026	0.050283	-0.000068
1.258000	-0.000026	0.050116	-0.000068
1.259000	-0.000026	0.049950	-0.000068
1.260000	-0.000026	0.049784	-0.000068
1.261000	-0.000026	0.049619	-0.000068
1.262000	-0.000026	0.049455	-0.000068
1.263000	-0.000026	0.049291	-0.000068
1.264000	-0.000026	0.049127	-0.000068
1.265000	-0.000026	0.048964	-0.000068
1.266000	-0.000026	0.048802	-0.000068
1.267000	-0.000026	0.048640	-0.000068
1.268000	-0.000026	0.048478	-0.000068
1.269000	-0.000026	0.048317	-0.000068
1.270000	-0.000026	0.048156	-0.000068
1.271000	-0.000026	0.047996	-0.000068
1.272000	-0.000026	0.047837	-0.000068
1.273000	-0.000026	0.047678	-0.000068
1.274000	-0.000026	0.047519	-0.000068
1.275000	-0.000026	0.047361	-0.000068
1.276000	-0.000026	0.047203	-0.000068
1.277000	-0.000025	0.047046	-0.000068
1.278000	-0.000025	0.046889	-0.000068
1.279000	-0.000025	0.046733	-0.000068
1.280000	-0.000025	0.046577	-0.000068
1.281000	-0.000025	0.046422	-0.000068
1.282000	-0.000025	0.046267	-0.000068
1.283000	-0.000025	0.046113	-0.000068
1.284000	-0.000025	0.045959	-0.000068
1.285000	-0.000025	0.045806	-0.000068
1.286000	-0.000025	0.045653	-0.000068
1.287000	-0.000025	0.045501	-0.000068
1.288000	-0.000025	0.045349	-0.000068
1.289000	-0.000025	0.045197	-0.000068
1.290000	-0.000025	0.045046	-0.000068
1.291000	-0.000025	0.044896	-0.000068
1.292000	-0.000025	0.044746	-0.000068
1.293000	-0.000025	0.044596	-0.000068
1.294000	-0.000025	0.044447	-0.000068
1.295000	-0.000025	0.044299	-0.000068
1.296000	-0.000025	0.044151	-0.000068
1.297000	-0.000025	0.044003	-0.000068
1.298000	-0.000025	0.043856	-0.000068
1.299000	-0.000025	0.043709	-0.000068
1.300000	-0.000025	0.043563	-0.000068
1.301000	-0.000025	0.043417	-0.000068
1.302000	-0.000025	0.043272	-0.000068
1.303000	-0.000025	0.043127	-0.000068
1.304000	-0.000025	0.042982	-0.000068
1.305000	-0.000025	0.042838	-0.000068
1.306000	-0.000025	0.042695	-0.000068
1.307000	-0.000025	0.042552	-0.000068
1.308000	-0.000025	0.042409	-0.000068
1.309000	-0.000025	0.042267	-0.000068
1.310000	-0.000025	0.042126	-0.000068
1.311000	-0.000025	0.041984	-0.000068
1.312000	-0.000025	0.041844	-0.000068
1.313000	-0.000025	0.041703	-0.000068
1.314000	-0.000025	0.041563	-0.000068
1.315000	-0.000025	0.041424	-0.000068
1.316000	-0.000025	0.041285	-0.000067
1.317000	-0.000025	0.041147	-0.000067
1.318000	-0.000025	0.041009	-0.000067
1.319000	-0.000025	0.040871	-0.000067
1.320000	-0.000025	0.040734	-0.000067
1.321000	-0.000025	0.040597	-0.000067
1.322000	-0.000025	0.040461	-0.000067
1.323000	-0.000025	0.040325	-0.000067
1.324000	-0.000025	0.040190	-0.000067
1.325000	-0.000025	0.040055	-0.000067
1.326000	-0.000025	0.039920	-0.000067
1.327000	-0.000025	0.039786	-0.000067
1.328000	-0.000025	0.039653	-0.000067
1.329000	-0.000025	0.039519	-0.000067
1.330000	-0.000025	0.039387	-0.000067
1.331000	-0.000025	0.039254	-0.000067
1.332000	-0.000025	0.039123	-0.000067
1.333000	-0.000025	0.038991	-0.000067
1.334000	-0.000025	0.038860	-0.000067
1.335000	-0.000025	0.038730	-0.000067
1.336000	-0.000025	0.038599	-0.000067
1.337000	-0.000025	0.038470	-0.000067
1.338000	-0.000025	0.038341	-0.000067
1.339000	-0.000025	0.038212	-0.000067
1.340000	-0.000025	0.038083	-0.000067
1.341000	-0.000025	0.037955	-0.000066
1.342000	-0.000025	0.037828	-0.000066
1.343000	-0.000025	0.037701	-0.000066
1.344000	-0.000025	0.037574	-0.000066
1.345000	-0.000025	0.037448	-0.000066
1.346000	-0.000025	0.037322	-0.000066
1.347000	-0.000025	0.037197	-0.000066
1.348000	-0.000025	0.037072	-0.000066
1.349000	-0.000025	0.036947	-0.000066
1.350000	-0.000025	0.036823	-0.000066
1.351000	-0.000025	0.036699	-0.000066
1.352000	-0.000025	0.036576	-0.000066
1.353000	-0.000025	0.036453	-0.000066
1.354000	-0.000025	0.036330	-0.000066
1.355000	-0.000025	0.036208	-0.000066
1.356000	-0.000025	0.036087	-0.000066
1.357000	-0.000025	0.035965	-0.000066
1.358000	-0.000025	0.035845	-0.000066
1.359000	-0.000025	0.035724	-0.000065
1.360000	-0.000025	0.035604	-0.000065
1.361000	-0.000025	0.035485	-0.000065
1.362000	-0.000025	0.035365	-0.000065
1.363000	-0.000025	0.035247	-0.000065
1.364000	-0.000025	0.035128	-0.000065
1.365000	-0.000025	0.035010	-0.000065
1.366000	-0.000025	0.034893	-0.000065
1.367000	-0.000025	0.034776	-0.000065
1.368000	-0.000025	0.034659	-0.000065
1.369000	-0.000025	0.034543	-0.000065
1.370000	-0.000025	0.034427	-0.000065
1.371000	-0.000025	0.034311	-0.000065
1.372000	-0.000025	0.034196	-0.000065
1.373000	-0.000025	0.034081	-0.000065
1.374000	-0.000025	0.033967	-0.000065
1.375000	-0.000025	0.033853	-0.000064
1.376000	-0.000025	0.033740	-0.000064
1.377000	-0.000025	0.033626	-0.000064
1.378000	-0.000025	0.033514	-0.000064
1.379000	-0.000025	0.033401	-0.000064
1.380000	-0.000025	0.033289	-0.000064
1.381000	-0.000025	0.033178	-0.000064
1.382000	-0.000025	0.033067	-0.000064
1.383000	-0.000025	0.032956	-0.000064
1.384000	-0.000025	0.032846	-0.000064
1.385000	-0.000025	0.032736	-0.000064
1.386000	-0.000025	0.032626	-0.000064
1.387000	-0.000025	0.032517	-0.000064
1.388000	-0.000025	0.032408	-0.000064
1.389000	-0.000025	0.032299	-0.000063
1.390000	-0.000025	0.032191	-0.000063
1.391000	-0.000024	0.032084	-0.000063
1.392000	-0.000024	0.031976	-0.000063
1.393000	-0.000024	0.031870	-0.000063
1.394000	-0.000024	0.031763	-0.000063
1.395000	-0.000024	0.031657	-0.000063
1.396000	-0.000024	0.031551	-0.000063
1.397000	-0.000024	0.031446	-0.000063
1.398000	-0.000024	0.031341	-0.000063
1.399000	-0.000024	0.031236	-0.000063
1.400000	-0.000024	0.031132	-0.000063
1.401000	-0.000024	0.031028	-0.000063
1.402000	-0.000024	0.030924	-0.000062
1.403000	-0.000024	0.030821	-0.000062
1.404000	-0.000024	0.030718	-0.000062
1.405000	-0.000024	0.030616	-0.000062
1.406000	-0.000024	0.030514	-0.000062
1.407000	-0.000024	0.030412	-0.000062
1.408000	-0.000024	0.030311	-0.000062
1.409000	-0.000024	0.030210	-0.000062
1.410000	-0.000024	0.030110	-0.000062
1.411000	-0.000024	0.030009	-0.000062
1.412000	-0.000024	0.029910	-0.000062
1.413000	-0.000024	0.029810	-0.000062
1.414000	-0.000024	0.029711	-0.000061
1.415000	-0.000024	0.029612	-0.000061
1.416000	-0.000024	0.029514	-0.000061
1.417000	-0.000024	0.029416	-0.000061
1.418000	-0.000024	0.029318	-0.000061
1.419000	-0.000024	0.029221	-0.000061
1.420000	-0.000024	0.029124	-0.000061
1.421000	-0.000024	0.029027	-0.000061
1.422000	-0.000024	0.028931	-0.000061
1.423000	-0.000024	0.028835	-0.000061
1.424000	-0.000024	0.028740	-0.000061
1.425000	-0.000024	0.028645	-0.000061
1.426000	-0.000024	0.028550	-0.000060
1.427000	-0.000024	0.028455	-0.000060
1.428000	-0.000024	0.028361	-0.000060
1.429000	-0.000024	0.028268	-0.000060
1.430000	-0.000024	0.028174	-0.000060
1.431000	-0.000024	0.028081	-0.000060
1.432000	-0.000024	0.027988	-0.000060
1.433000	-0.000024	0.027896	-0.000060
1.434000	-0.000024	0.027804	-0.000060
1.435000	-0.000024	0.027712	-0.000060
1.436000	-0.000024	0.027621	-0.000060
1.437000	-0.000024	0.027530	-0.000059
1.438000	-0.000024	0.027439	-0.000059
1.439000	-0.000024	0.027349	-0.000059
1.440000	-0.000024	0.027259	-0.000059
1.441000	-0.000024	0.027170	-0.000059
1.442000	-0.000024	0.027080	-0.000059
1.443000	-0.000024	0.026991	-0.000059
1.444000	-0.000024	0.026903	-0.000059
1.445000	-0.000024	0.026814	-0.000059
1.446000	-0.000024	0.026726	-0.000059
1.447000	-0.000024	0.026639	-0.000058
1.448000	-0.000024	0.026552	-0.000058
1.449000	-0.000024	0.026465	-0.000058
1.450000	-0.000024	0.026378	-0.000058
1.451000	-0.000024	0.026292	-0.000058
1.452000	-0.000024	0.026206	-0.000058
1.453000	-0.000024	0.026120	-0.000058
1.454000	-0.000024	0.026035	-0.000058
1.455000	-0.000024	0.025950	-0.000058
1.456000	-0.000024	0.025865	-0.000058
1.457000	-0.000024	0.025781	-0.000057
1.458000	-0.000024	0.025697	-0.000057
1.459000	-0.000024	0.025613	-0.000057
1.460000	-0.000024	0.025530	-0.000057
1.461000	-0.000024	0.025447	-0.000057
1.462000	-0.000024	0.025364	-0.000057
1.463000	-0.000024	0.025282	-0.000057
1.464000	-0.000024	0.025200	-0.000057
1.465000	-0.000024	0.025118	-0.000057
1.466000	-0.000024	0.025037	-0.000057
1.467000	-0.000024	0.024956	-0.000056
1.468000	-0.000024	0.024875	-0.000056
1.469000	-0.000024	0.024794	-0.000056
1.470000	-0.000024	0.024714	-0.000056
1.471000	-0.000024	0.024634	-0.000056
1.472000	-0.000024	0.024555	-0.000056
1.473000	-0.000024	0.024475	-0.000056
1.474000	-0.000024	0.024397	-0.000056
1.475000	-0.000024	0.024318	-0.000056
1.476000	-0.000024	0.024240	-0.000056
1.477000	-0.000024	0.024162	-0.000055
1.478000	-0.000024	0.024084	-0.000055
1.479000	-0.000024	0.024007	-0.000055
1.480000	-0.000024	0.023930	-0.000055
1.481000	-0.000024	0.023853	-0.000055
1.482000	-0.000024	0.023776	-0.000055
1.483000	-0.000024	0.023700	-0.000055
1.484000	-0.000024	0.023624	-0.000055
1.485000	-0.000024	0.023549	-0.000055
1.486000	-0.000024	0.023473	-0.000054
1.487000	-0.000024	0.023398	-0.000054
1.488000	-0.000024	0.023324	-0.000054
1.489000	-0.000024	0.023249	-0.000054
1.490000	-0.000024	0.023175	-0.000054
1.491000	-0.000024	0.023102	-0.000054
1.492000	-0.000024	0.023028	-0.000054
1.493000	-0.000024	0.022955	-0.000054
1.494000	-0.000024	0.022882	-0.000054
1.495000	-0.000024	0.022809	-0.000053
1.496000	-0.000024	0.022737	-0.000053
1.497000	-0.000024	0.022665	-0.000053
1.498000	-0.000024	0.022593	-0.000053
1.499000	-0.000024	0.022522	-0.000053
1.500000	-0.000024	0.022451	-0.000053
1.501000	-0.000024	0.022380	-0.000053
1.502000	-0.000024	0.022309	-0.000053
1.503000	-0.000024	0.022239	-0.000053
1.504000	-0.000024	0.022169	-0.000052
1.505000	-0.000024	0.022099	-0.000052
1.506000	-0.000024	0.022030	-0.000052
1.507000	-0.000024	0.021961	-0.000052
1.508000	-0.000024	0.021892	-0.000052
1.509000	-0.000024	0.021823	-0.000052
1.510000	-0.000024	0.021755	-0.000052
1.511000	-0.000024	0.021687	-0.000052
1.512000	-0.000024	0.021619	-0.000052
1.513000	-0.000024	0.021552	-0.000051
1.514000	-0.000024	0.021485	-0.000051
1.515000	-0.000024	0.021418	-0.000051
1.516000	-0.000024	0.021351	-0.000051
1.517000	-0.000024	0.021285	-0.000051
1.518000	-0.000024	0.021218	-0.000051
1.519000	-0.000024	0.021153	-0.000051
1.520000	-0.000024	0.021087	-0.000051
1.521000	-0.000024	0.021022	-0.000051
1.522000	-0.000024	0.020957	-0.000050
1.523000	-0.000024	0.020892	-0.000050
1.524000	-0.000024	0.020827	-0.000050
1.525000	-0.000024	0.020763	-0.000050
1.526000	-0.000024	0.020699	-0.000050
1.527000	-0.000024	0.020636	-0.000050
1.528000	-0.000024	0.020572	-0.000050
1.529000	-0.000024	0.020509	-0.000050
1.530000	-0.000024	0.020446	-0.000049
1.531000	-0.000024	0.020383	-0.000049
1.532000	-0.000024	0.020321	-0.000049
1.533000	-0.000024	0.020259	-0.000049
1.534000	-0.000024	0.020197	-0.000049
1.535000	-0.000024	0.020136	-0.000049
1.536000	-0.000024	0.020074	-0.000049
1.537000	-0.000024	0.020013	-0.000049
1.538000	-0.000024	0.019952	-0.000049
1.539000	-0.000024	0.019892	-0.000048
1.540000	-0.000024	0.019831	-0.000048
1.541000	-0.000024	0.019771	-0.000048
1.542000	-0.000024	0.019712	-0.000048
1.543000	-0.000024	0.019652	-0.000048
1.544000	-0.000024	0.019593	-0.000048
1.545000	-0.000024	0.019534	-0.000048
1.546000	-0.000024	0.019475	-0.000048
1.547000	-0.000024	0.019416	-0.000047
1.548000	-0.000024	0.019358	-0.000047
1.549000	-0.000024	0.019300	-0.000047
1.550000	-0.000024	0.019242	-0.000047
1.551000	-0.000024	0.019185	-0.000047
1.552000	-0.000024	0.019127	-0.000047
1.553000	-0.000024	0.019070	-0.000047
1.554000	-0.000024	0.019013	-0.000047
1.555000	-0.000024	0.018957	-0.000046
1.556000	-0.000024	0.018900	-0.000046
1.557000	-0.000024	0.018844	-0.000046
1.558000	-0.000024	0.018788	-0.000046
1.559000	-0.000024	0.018733	-0.000046
1.560000	-0.000024	0.018677	-0.000046
1.561000	-0.000024	0.018622	-0.000046
1.562000	-0.000024	0.018567	-0.000046
1.563000	-0.000024	0.018513	-0.000046
1.564000	-0.000024	0.018458	-0.000045
1.565000	-0.000024	0.018404	-0.000045
1.566000	-0.000024	0.018350	-0.000045
1.567000	-0.000024	0.018296	-0.000045
1.568000	-0.000024	0.018243	-0.000045
1.569000	-0.000024	0.018190	-0.000045
1.570000	-0.000024	0.018136	-0.000045
1.571000	-0.000024	0.018084	-0.000045
1.572000	-0.000024	0.018031	-0.000044
1.573000	-0.000024	0.017979	-0.000044
1.574000	-0.000024	0.017927	-0.000044
1.575000	-0.000024	0.017875	-0.000044
1.576000	-0.000024	0.017823	-0.000044
1.577000	-0.000024	0.017772	-0.000044
1.578000	-0.000024	0.017720	-0.000044
1.579000	-0.000024	0.017669	-0.000044
1.580000	-0.000024	0.017619	-0.000043
1.581000	-0.000024	0.017568	-0.000043
1.582000	-0.000024	0.017518	-0.000043
1.583000	-0.000024	0.017468	-0.000043
1.584000	-0.000024	0.017418	-0.000043
1.585000	-0.000024	0.017368	-0.000043
1.586000	-0.000024	0.017318	-0.000043
1.587000	-0.000024	0.017269	-0.000043
1.588000	-0.000024	0.017220	-0.000042
1.589000	-0.000024	0.017171	-0.000042
1.590000	-0.000024	0.017123	-0.000042
1.591000	-0.000024	0.017074	-0.000042
1.592000	-0.000024	0.017026	-0.000042
1.593000	-0.000024	0.016978	-0.000042
1.594000	-0.000024	0.016931	-0.000042
1.595000	-0.000024	0.016883	-0.000042
1.596000	-0.000024	0.016836	-0.000041
1.597000	-0.000024	0.016789	-0.000041
1.598000	-0.000024	0.016742	-0.000041
1.599000	-0.000024	0.016695	-0.000041
1.600000	-0.000024	0.016649	-0.000041
1.601000	-0.000024	0.016602	-0.000041
1.602000	-0.000024	0.016556	-0.000041
1.603000	-0.000024	0.016510	-0.000041
1.604000	-0.000024	0.016465	-0.000041
1.605000	-0.000024	0.016419	-0.000040
1.606000	-0.000024	0.016374	-0.000040
1.607000	-0.000024	0.016329	-0.000040
1.608000	-0.000024	0.016284	-0.000040
1.609000	-0.000024	0.016239	-0.000040
1.610000	-0.000024	0.016195	-0.000040
1.611000	-0.000024	0.016151	-0.000040
1.612000	-0.000024	0.016107	-0.000040
1.613000	-0.000024	0.016063	-0.000039
1.614000	-0.000024	0.016019	-0.000039
1.615000	-0.000024	0.015976	-0.000039
1.616000	-0.000024	0.015932	-0.000039
1.617000	-0.000024	0.015889	-0.000039
1.618000	-0.000024	0.015847	-0.000039
1.619000	-0.000024	0.015804	-0.000039
1.620000	-0.000024	0.015761	-0.000039
1.621000	-0.000024	0.015719	-0.000038
1.622000	-0.000024	0.015677	-0.000038
1.623000	-0.000024	0.015635	-0.000038
1.624000	-0.000024	0.015593	-0.000038
1.625000	-0.000024	0.015552	-0.000038
1.626000	-0.000024	0.015510	-0.000038
1.627000	-0.000024	0.015469	-0.000038
1.628000	-0.000024	0.015428	-0.000038
1.629000	-0.000024	0.015388	-0.000037
1.630000	-0.000024	0.015347	-0.000037
1.631000	-0.000024	0.015307	-0.000037
1.632000	-0.000024	0.015266	-0.000037
1.633000	-0.000024	0.015226	-0.000037
1.634000	-0.000024	0.015186	-0.000037
1.635000	-0.000024	0.015147	-0.000037
1.636000	-0.000024	0.015107	-0.000037
1.637000	-0.000024	0.015068	-0.000036
1.638000	-0.000024	0.015029	-0.000036
1.639000	-0.000024	0.014990	-0.000036
1.640000	-0.000024	0.014951	-0.000036
1.641000	-0.000024	0.014912	-0.000036
1.642000	-0.000024	0.014874	-0.000036
1.643000	-0.000024	0.014836	-0.000036
1.644000	-0.000024	0.014798	-0.000036
1.645000	-0.000024	0.014760	-0.000035
1.646000	-0.000024	0.014722	-0.000035
1.647000	-0.000024	0.014685	-0.000035
1.648000	-0.000024	0.014647	-0.000035
1.649000	-0.000024	0.014610	-0.000035
1.650000	-0.000024	0.014573	-0.000035
1.651000	-0.000024	0.014536	-0.000035
1.652000	-0.000024	0.014499	-0.000035
1.653000	-0.000024	0.014463	-0.000034
1.654000	-0.000024	0.014427	-0.000034
1.655000	-0.000024	0.014390	-0.000034
1.656000	-0.000024	0.014354	-0.000034
1.657000	-0.000024	0.014319	-0.000034
1.658000	-0.000024	0.014283	-0.000034
1.659000	-0.000024	0.014247	-0.000034
1.660000	-0.000024	0.014212	-0.000034
1.661000	-0.000024	0.014177	-0.000034
1.662000	-0.000024	0.014142	-0.000033
1.663000	-0.000024	0.014107	-0.000033
1.664000	-0.000024	0.014072	-0.000033
1.665000	-0.000024	0.014038	-0.000033
1.666000	-0.000024	0.014003	-0.000033
1.667000	-0.000024	0.013969	-0.000033
1.668000	-0.000024	0.013935	-0.000033
1.669000	-0.000024	0.013901	-0.000033
1.670000	-0.000024	0.013867	-0.000032
1.671000	-0.000024	0.013834	-0.000032
1.672000	-0.000024	0.013800	-0.000032
1.673000	-0.000024	0.013767	-0.000032
1.674000	-0.000024	0.013734	-0.000032
1.675000	-0.000024	0.013701	-0.000032
1.676000	-0.000024	0.013668	-0.000032
1.677000	-0.000024	0.013636	-0.000032
1.678000	-0.000024	0.013603	-0.000031
1.679000	-0.000024	0.013571	-0.000031
1.680000	-0.000024	0.013539	-0.000031
1.681000	-0.000024	0.013507	-0.000031
1.682000	-0.000024	0.013475	-0.000031
1.683000	-0.000024	0.013443	-0.000031
1.684000	-0.000024	0.013411	-0.000031
1.685000	-0.000024	0.013380	-0.000031
1.686000	-0.000024	0.013349	-0.000031
1.687000	-0.000024	0.013317	-0.000030
1.688000	-0.000024	0.013286	-0.000030
1.689000	-0.000024	0.013256	-0.000030
1.690000	-0.000024	0.013225	-0.000030
1.691000	-0.000024	0.013194	-0.000030
1.692000	-0.000024	0.013164	-0.000030
1.693000	-0.000024	0.013134	-0.000030
1.694000	-0.000024	0.013103	-0.000030
1.695000	-0.000024	0.013073	-0.000029
1.696000	-0.000024	0.013044	-0.000029
1.697000	-0.000024	0.013014	-0.000029
1.698000	-0.000024	0.012984	-0.000029
1.699000	-0.000024	0.012955	-0.000029
1.700000	-0.000024	0.012926	-0.000029
1.701000	-0.000024	0.012896	-0.000029
1.702000	-0.000024	0.012867	-0.000029
1.703000	-0.000024	0.012839	-0.000029
1.704000	-0.000024	0.012810	-0.000028
1.705000	-0.000024	0.012781	-0.000028
1.706000	-0.000024	0.012753	-0.000028
1.707000	-0.000024	0.012724	-0.000028
1.708000	-0.000024	0.012696	-0.000028
1.709000	-0.000024	0.012668	-0.000028
1.710000	-0.000024	0.012640	-0.000028
1.711000	-0.000024	0.012612	-0.000028
1.712000	-0.000024	0.012585	-0.000027
1.713000	-0.000024	0.012557	-0.000027
1.714000	-0.000024	0.012530	-0.000027
1.715000	-0.000024	0.012502	-0.000027
1.716000	-0.000024	0.012475	-0.000027
1.717000	-0.000024	0.012448	-0.000027
1.718000	-0.000024	0.012421	-0.000027
1.719000	-0.000024	0.012395	-0.000027
1.720000	-0.000024	0.012368	-0.000027
1.721000	-0.000024	0.012341	-0.000026
1.722000	-0.000024	0.012315	-0.000026
1.723000	-0.000024	0.012289	-0.000026
1.724000	-0.000024	0.012263	-0.000026
1.725000	-0.000024	0.012237	-0.000026
1.726000	-0.000024	0.012211	-0.000026
1.727000	-0.000024	0.012185	-0.000026
1.728000	-0.000023	0.012159	-0.000026
1.729000	-0.000023	0.012134	-0.000026
1.730000	-0.000023	0.012108	-0.000025
1.731000	-0.000023	0.012083	-0.000025
1.732000	-0.000023	0.012058	-0.000025
1.733000	-0.000023	0.012033	-0.000025
1.734000	-0.000023	0.012008	-0.000025
1.735000	-0.000023	0.011983	-0.000025
1.736000	-0.000023	0.011959	-0.000025
1.737000	-0.000023	0.011934	-0.000025
1.738000	-0.000023	0.011910	-0.000025
1.739000	-0.000023	0.011885	-0.000024
1.740000	-0.000023	0.011861	-0.000024
1.741000	-0.000023	0.011837	-0.000024
1.742000	-0.000023	0.011813	-0.000024
1.743000	-0.000023	0.011789	-0.000024
1.744000	-0.000023	0.011765	-0.000024
1.745000	-0.000023	0.011742	-0.000024
1.746000	-0.000023	0.011718	-0.000024
1.747000	-0.000023	0.011695	-0.000024
1.748000	-0.000023	0.011671	-0.000023
1.749000	-0.000023	0.011648	-0.000023
1.750000	-0.000023	0.011625	-0.000023
1.751000	-0.000023	0.011602	-0.000023
1.752000	-0.000023	0.011579	-0.000023
1.753000	-0.000023	0.011556	-0.000023
1.754000	-0.000023	0.011534	-0.000023
1.755000	-0.000023	0.011511	-0.000023
1.756000	-0.000023	0.011489	-0.000023
1.757000	-0.000023	0.011466	-0.000022
1.758000	-0.000023	0.011444	-0.000022
1.759000	-0.000023	0.011422	-0.000022
1.760000	-0.000023	0.011400	-0.000022
1.761000	-0.000023	0.011378	-0.000022
1.762000	-0.000023	0.011356	-0.000022
1.763000	-0.000023	0.011334	-0.000022
1.764000	-0.000023	0.011313	-0.000022
1.765000	-0.000023	0.011291	-0.000022
1.766000	-0.000023	0.011270	-0.000021
1.767000	-0.000023	0.011249	-0.000021
1.768000	-0.000023	0.011227	-0.000021
1.769000	-0.000023	0.011206	-0.000021
1.770000	-0.000023	0.011185	-0.000021
1.771000	-0.000023	0.011164	-0.000021
1.772000	-0.000023	0.011144	-0.000021
1.773000	-0.000023	0.011123	-0.000021
1.774000	-0.000023	0.011102	-0.000021
1.775000	-0.000023	0.011082	-0.000020
1.776000	-0.000023	0.011061	-0.000020
1.777000	-0.000023	0.011041	-0.000020
1.778000	-0.000023	0.011021	-0.000020
1.779000	-0.000023	0.011000	-0.000020
1.780000	-0.000023	0.010980	-0.000020
1.781000	-0.000023	0.010960	-0.000020
1.782000	-0.000023	0.010941	-0.000020
1.783000	-0.000023	0.010921	-0.000020
1.784000	-0.000023	0.010901	-0.000020
1.785000	-0.000023	0.010882	-0.000019
1.786000	-0.000023	0.010862	-0.000019
1.787000	-0.000023	0.010843	-0.000019
1.788000	-0.000023	0.010823	-0.000019
1.789000	-0.000023	0.010804	-0.000019
1.790000	-0.000023	0.010785	-0.000019
1.791000	-0.000023	0.010766	-0.000019
1.792000	-0.000023	0.010747	-0.000019
1.793000	-0.000023	0.010728	-0.000019
1.794000	-0.000023	0.010709	-0.000019
1.795000	-0.000023	0.010691	-0.000018
1.796000	-0.000023	0.010672	-0.000018
1.797000	-0.000023	0.010654	-0.000018
1.798000	-0.000023	0.010635	-0.000018
1.799000	-0.000023	0.010617	-0.000018
1.800000	-0.000023	0.010598	-0.000018
1.801000	-0.000023	0.010580	-0.000018
1.802000	-0.000023	0.010562	-0.000018
1.803000	-0.000023	0.010544	-0.000018
1.804000	-0.000023	0.010526	-0.000018
1.805000	-0.000023	0.010508	-0.000017
1.806000	-0.000023	0.010491	-0.000017
1.807000	-0.000023	0.010473	-0.000017
1.808000	-0.000023	0.010455	-0.000017
1.809000	-0.000023	0.010438	-0.000017
1.810000	-0.000023	0.010420	-0.000017
1.811000	-0.000023	0.010403	-0.000017
1.812000	-0.000023	0.010386	-0.000017
1.813000	-0.000023	0.010368	-0.000017
1.814000	-0.000023	0.010351	-0.000017
1.815000	-0.000023	0.010334	-0.000016
1.816000	-0.000023	0.010317	-0.000016
1.817000	-0.000023	0.010300	-0.000016
1.818000	-0.000023	0.010284	-0.000016
1.819000	-0.000023	0.010267	-0.000016
1.820000	-0.000023	0.010250	-0.000016
1.821000	-0.000023	0.010234	-0.000016
1.822000	-0.000023	0.010217	-0.000016
1.823000	-0.000023	0.010201	-0.000016
1.824000	-0.000023	0.010184	-0.000016
1.825000	-0.000023	0.010168	-0.000015
1.826000	-0.000023	0.010152	-0.000015
1.827000	-0.000023	0.010135	-0.000015
1.828000	-0.000023	0.010119	-0.000015
1.829000	-0.000023	0.010103	-0.000015
1.830000	-0.000023	0.010087	-0.000015
1.831000	-0.000023	0.010072	-0.000015
1.832000	-0.000023	0.010056	-0.000015
1.833000	-0.000023	0.010040	-0.000015
1.834000	-0.000023	0.010024	-0.000015
1.835000	-0.000023	0.010009	-0.000015
1.836000	-0.000023	0.009993	-0.000014
1.837000	-0.000023	0.009978	-0.000014
1.838000	-0.000023	0.009962	-0.000014
1.839000	-0.000023	0.009947	-0.000014
1.840000	-0.000023	0.009932	-0.000014
1.841000	-0.000023	0.009917	-0.000014
1.842000	-0.000023	0.009901	-0.000014
1.843000	-0.000023	0.009886	-0.000014
1.844000	-0.000023	0.009871	-0.000014
1.845000	-0.000023	0.009856	-0.000014
1.846000	-0.000023	0.009842	-0.000014
1.847000	-0.000023	0.009827	-0.000013
1.848000	-0.000023	0.009812	-0.000013
1.849000	-0.000023	0.009797	-0.000013
1.850000	-0.000023	0.009783	-0.000013
1.851000	-0.000023	0.009768	-0.000013
1.852000	-0.000023	0.009754	-0.000013
1.853000	-0.000023	0.009739	-0.000013
1.854000	-0.000023	0.009725	-0.000013
1.855000	-0.000023	0.009711	-0.000013
1.856000	-0.000023	0.009696	-0.000013
1.857000	-0.000023	0.009682	-0.000013
1.858000	-0.000023	0.009668	-0.000013
1.859000	-0.000023	0.009654	-0.000012
1.860000	-0.000023	0.009640	-0.000012
1.861000	-0.000023	0.009626	-0.000012
1.862000	-0.000023	0.009612	-0.000012
1.863000	-0.000023	0.009598	-0.000012
1.864000	-0.000023	0.009584	-0.000012
1.865000	-0.000023	0.009571	-0.000012
1.866000	-0.000023	0.009557	-0.000012
1.867000	-0.000023	0.009543	-0.000012
1.868000	-0.000023	0.009530	-0.000012
1.869000	-0.000023	0.009516	-0.000012
1.870000	-0.000023	0.009503	-0.000011
1.871000	-0.000023	0.009490	-0.000011
1.872000	-0.000023	0.009476	-0.000011
1.873000	-0.000023	0.009463	-0.000011
1.874000	-0.000023	0.009450	-0.000011
1.875000	-0.000023	0.009437	-0.000011
1.876000	-0.000023	0.009423	-0.000011
1.877000	-0.000023	0.009410	-0.000011
1.878000	-0.000023	0.009397	-0.000011
1.879000	-0.000023	0.009384	-0.000011
1.880000	-0.000023	0.009371	-0.000011
1.881000	-0.000023	0.009359	-0.000011
1.882000	-0.000023	0.009346	-0.000011
1.883000	-0.000023	0.009333	-0.000010
1.884000	-0.000023	0.009320	-0.000010
1.885000	-0.000023	0.009308	-0.000010
1.886000	-0.000023	0.009295	-0.000010
1.887000	-0.000023	0.009283	-0.000010
1.888000	-0.000023	0.009270	-0.000010
1.889000	-0.000023	0.009258	-0.000010
1.890000	-0.000023	0.009245	-0.000010
1.891000	-0.000023	0.009233	-0.000010
1.892000	-0.000023	0.009220	-0.000010
1.893000	-0.000023	0.009208	-0.000010
1.894000	-0.000023	0.009196	-0.000010
1.895000	-0.000023	0.009184	-0.000009
1.896000	-0.000023	0.009172	-0.000009
1.897000	-0.000023	0.009159	-0.000009
1.898000	-0.000023	0.009147	-0.000009
1.899000	-0.000023	0.009135	-0.000009
1.900000	-0.000023	0.009123	-0.000009
1.901000	-0.000023	0.009112	-0.000009
1.902000	-0.000023	0.009100	-0.000009
1.903000	-0.000023	0.009088	-0.000009
1.904000	-0.000023	0.009076	-0.000009
1.905000	-0.000023	0.009064	-0.000009
1.906000	-0.000023	0.009053	-0.000009
1.907000	-0.000023	0.009041	-0.000009
1.908000	-0.000023	0.009029	-0.000008
1.909000	-0.000023	0.009018	-0.000008
1.910000	-0.000023	0.009006	-0.000008
1.911000	-0.000023	0.008995	-0.000008
1.912000	-0.000023	0.008983	-0.000008
1.913000	-0.000023	0.008972	-0.000008
1.914000	-0.000023	0.008961	-0.000008
1.915000	-0.000023	0.008949	-0.000008
1.916000	-0.000023	0.008938	-0.000008
1.917000	-0.000023	0.008927	-0.000008
1.918000	-0.000023	0.008915	-0.000008
1.919000	-0.000023	0.008904	-0.000008
1.920000	-0.000023	0.008893	-0.000008
1.921000	-0.000023	0.008882	-0.000008
1.922000	-0.000023	0.008871	-0.000007
1.923000	-0.000023	0.008860	-0.000007
1.924000	-0.000023	0.008849	-0.000007
1.925000	-0.000023	0.008838	-0.000007
1.926000	-0.000023	0.008827	-0.000007
1.927000	-0.000023	0.008816	-0.000007
1.928000	-0.000023	0.008805	-0.000007
1.929000	-0.000023	0.008795	-0.000007
1.930000	-0.000023	0.008784	-0.000007
1.931000	-0.000023	0.008773	-0.000007
1.932000	-0.000023	0.008762	-0.000007
1.933000	-0.000023	0.008752	-0.000007
1.934000	-0.000023	0.008741	-0.000007
1.935000	-0.000023	0.008730	-0.000007
1.936000	-0.000023	0.008720	-0.000007
1.937000	-0.000023	0.008709	-0.000006
1.938000	-0.000023	0.008699	-0.000006
1.939000	-0.000023	0.008688	-0.000006
1.940000	-0.000023	0.008678	-0.000006
1.941000	-0.000023	0.008668	-0.000006
1.942000	-0.000023	0.008657	-0.000006
1.943000	-0.000023	0.008647	-0.000006
1.944000	-0.000023	0.008637	-0.000006
1.945000	-0.000023	0.008626	-0.000006
1.946000	-0.000023	0.008616	-0.000006
1.947000	-0.000023	0.008606	-0.000006
1.948000	-0.000023	0.008596	-0.000006
1.949000	-0.000023	0.008585	-0.000006
1.950000	-0.000023	0.008575	-0.000006
1.951000	-0.000023	0.008565	-0.000006
1.952000	-0.000023	0.008555	-0.000005
1.953000	-0.000023	0.008545	-0.000005
1.954000	-0.000023	0.008535	-0.000005
1.955000	-0.000023	0.008525	-0.000005
1.956000	-0.000023	0.008515	-0.000005
1.957000	-0.000023	0.008505	-0.000005
1.958000	-0.000023	0.008495	-0.000005
1.959000	-0.000023	0.008485	-0.000005
1.960000	-0.000023	0.008476	-0.000005
1.961000	-0.000023	0.008466	-0.000005
1.962000	-0.000023	0.008456	-0.000005
1.963000	-0.000023	0.008446	-0.000005
1.964000	-0.000023	0.008437	-0.000005
1.965000	-0.000023	0.008427	-0.000005
1.966000	-0.000023	0.008417	-0.000005
1.967000	-0.000023	0.008407	-0.000005
1.968000	-0.000023	0.008398	-0.000005
1.969000	-0.000023	0.008388	-0.000004
1.970000	-0.000023	0.008379	-0.000004
1.971000	-0.000023	0.008369	-0.000004
1.972000	-0.000023	0.008360	-0.000004
1.973000	-0.000023	0.008350	-0.000004
1.974000	-0.000023	0.008341	-0.000004
1.975000	-0.000023	0.008331	-0.000004
1.976000	-0.000023	0.008322	-0.000004
1.977000	-0.000023	0.008312	-0.000004
1.978000	-0.000023	0.008303	-0.000004
1.979000	-0.000023	0.008293	-0.000004
1.980000	-0.000023	0.008284	-0.000004
1.981000	-0.000023	0.008275	-0.000004
1.982000	-0.000023	0.008265	-0.000004
1.983000	-0.000023	0.008256	-0.000004
1.984000	-0.000023	0.008247	-0.000004
1.985000	-0.000023	0.008238	-0.000004
1.986000	-0.000023	0.008228	-0.000004
1.987000	-0.000023	0.008219	-0.000003
1.988000	-0.000023	0.008210	-0.000003
1.989000	-0.000023	0.008201	-0.000003
1.990000	-0.000023	0.008192	-0.000003
1.991000	-0.000023	0.008183	-0.000003
1.992000	-0.000023	0.008174	-0.000003
1.993000	-0.000023	0.008164	-0.000003
1.994000	-0.000023	0.008155	-0.000003
1.995000	-0.000023	0.008146	-0.000003
1.996000	-0.000023	0.008137	-0.000003
1.997000	-0.000023	0.008128	-0.000003
1.998000	-0.000023	0.008119	-0.000003
1.999000	-0.000023	0.008110	-0.000003
2.000000	-0.000023	0.008101	-0.000003
2.001000	-0.000023	0.008093	-0.000003
2.002000	-0.000023	0.008084	-0.000003
2.003000	-0.000023	0.008075	-0.000003
2.004000	-0.000023	0.008066	-0.000003
2.005000	-0.000023	0.008057	-0.000003
2.006000	-0.000023	0.008048	-0.000002
2.007000	-0.000023	0.008039	-0.000002
2.008000	-0.000023	0.008030	-0.000002
2.009000	-0.000023	0.008022	-0.000002
2.010000	-0.000023	0.008013	-0.000002
2.011000	-0.000023	0.008004	-0.000002
2.012000	-0.000023	0.007995	-0.000002
2.013000	-0.000023	0.007987	-0.000002
2.014000	-0.000023	0.007978	-0.000002
2.015000	-0.000023	0.007969	-0.000002
2.016000	-0.000023	0.007961	-0.000002
2.017000	-0.000023	0.007952	-0.000002
2.018000	-0.000023	0.007943	-0.000002
2.019000	-0.000023	0.007935	-0.000002
2.020000	-0.000023	0.007926	-0.000002
2.021000	-0.000023	0.007917	-0.000002
2.022000	-0.000023	0.007909	-0.000002
2.023000	-0.000023	0.007900	-0.000002
2.024000	-0.000023	0.007892	-0.000002
2.025000	-0.000023	0.007883	-0.000002
2.026000	-0.000023	0.007874	-0.000002
2.027000	-0.000023	0.007866	-0.000002
2.028000	-0.000023	0.007857	-0.000001
2.029000	-0.000023	0.007849	-0.000001
2.030000	-0.000023	0.007840	-0.000001
2.031000	-0.000023	0.007832	-0.000001
2.032000	-0.000023	0.007823	-0.000001
2.033000	-0.000023	0.007815	-0.000001
2.034000	-0.000023	0.007806	-0.000001
2.035000	-0.000023	0.007798	-0.000001
2.036000	-0.000023	0.007790	-0.000001
2.037000	-0.000023	0.007781	-0.000001
2.038000	-0.000023	0.007773	-0.000001
2.039000	-0.000023	0.007764	-0.000001
2.040000	-0.000023	0.007756	-0.000001
2.041000	-0.000023	0.007748	-0.000001
2.042000	-0.000023	0.007739	-0.000001
2.043000	-0.000023	0.007731	-0.000001
2.044000	-0.000023	0.007723	-0.000001
2.045000	-0.000023	0.007714	-0.000001
2.046000	-0.000023	0.007706	-0.000001
2.047000	-0.000023	0.007698	-0.000001
2.048000	-0.000023	0.007689	-0.000001
2.049000	-0.000023	0.007681	-0.000001
2.050000	-0.000023	0.007673	-0.000001
2.051000	-0.000023	0.007664	-0.000001
2.052000	-0.000023	0.007656	-0.000000
2.053000	-0.000023	0.007648	-0.000000
2.054000	-0.000023	0.007640	-0.000000
2.055000	-0.000023	0.007631	-0.000000
2.056000	-0.000023	0.007623	-0.000000
2.057000	-0.000023	0.007615	-0.000000
2.058000	-0.000023	0.007607	-0.000000
2.059000	-0.000023	0.007599	-0.000000
2.060000	-0.000023	0.007590	-0.000000
2.061000	-0.000023	0.007582	-0.000000
2.062000	-0.000023	0.007574	-0.000000
2.063000	-0.000023	0.007566	-0.000000
2.064000	-0.000023	0.007558	-0.000000
2.065000	-0.000023	0.007549	-0.000000
2.066000	-0.000023	0.007541	0.000000
2.067000	-0.000023	0.007533	0.000000
2.068000	-0.000023	0.007525	0.000000
2.069000	-0.000023	0.007517	0.000000
2.070000	-0.000023	0.007509	0.000000
2.071000	-0.000023	0.007501	0.000000
2.072000	-0.000023	0.007492	0.000000
2.073000	-0.000023	0.007484	0.000000
2.074000	-0.000023	0.007476	0.000000
2.075000	-0.000023	0.007468	0.000000
2.076000	-0.000023	0.007460	0.000000
2.077000	-0.000023	0.007452	0.000000
2.078000	-0.000023	0.007444	0.000000
2.079000	-0.000023	0.007436	0.000000
2.080000	-0.000023	0.007428	0.000000
2.081000	-0.000023	0.007420	0.000001
2.082000	-0.000023	0.007412	0.000001
2.083000	-0.000023	0.007404	0.000001
2.084000	-0.000023	0.007395	0.000001
2.085000	-0.000023	0.007387	0.000001
2.086000	-0.000023	0.007379	0.000001
2.087000	-0.000023	0.007371	0.000001
2.088000	-0.000023	0.007363	0.000001
2.089000	-0.000023	0.007355	0.000001
2.090000	-0.000023	0.007347	0.000001
2.091000	-0.000023	0.007339	0.000001
2.092000	-0.000023	0.007331	0.000001
2.093000	-0.000023	0.007323	0.000001
2.094000	-0.000023	0.007315	0.000001
2.095000	-0.000023	0.007307	0.000001
2.096000	-0.000023	0.007299	0.000001
2.097000	-0.000023	0.007291	0.000001
2.098000	-0.000023	0.007283	0.000001
2.099000	-0.000023	0.007275	0.000001
2.100000	-0.000023	0.007267	0.000001
2.101000	-0.000023	0.007259	0.000001
2.102000	-0.000023	0.007251	0.000001
2.103000	-0.000023	0.007243	0.000001
2.104000	-0.000023	0.007235	0.000001
2.105000	-0.000023	0.007227	0.000001
2.106000	-0.000023	0.007219	0.000001
2.107000	-0.000023	0.007211	0.000001
2.108000	-0.000023	0.007203	0.000001
2.109000	-0.000023	0.007195	0.000001
2.110000	-0.000023	0.007187	0.000001
2.111000	-0.000023	0.007179	0.000001
2.112000	-0.000023	0.007171	0.000001
2.113000	-0.000023	0.007163	0.000001
2.114000	-0.000023	0.007155	0.000001
2.115000	-0.000023	0.007148	0.000001
2.116000	-0.000023	0.007140	0.000001
2.117000	-0.000023	0.007132	0.000002
2.118000	-0.000023	0.007124	0.000002
2.119000	-0.000023	0.007116	0.000002
2.120000	-0.000023	0.007108	0.000002
2.121000	-0.000023	0.007100	0.000002
2.122000	-0.000023	0.007092	0.000002
2.123000	-0.000023	0.007084	0.000002
2.124000	-0.000023	0.007076	0.000002
2.125000	-0.000023	0.007068	0.000002
2.126000	-0.000023	0.007060	0.000002
2.127000	-0.000023	0.007052	0.000002
2.128000	-0.000023	0.007044	0.000002
2.129000	-0.000023	0.007036	0.000002
2.130000	-0.000023	0.007028	0.000002
2.131000	-0.000023	0.007020	0.000002
2.132000	-0.000023	0.007012	0.000002
2.133000	-0.000023	0.007004	0.000002
2.134000	-0.000023	0.006996	0.000002
2.135000	-0.000023	0.006988	0.000002
2.136000	-0.000023	0.006980	0.000002
2.137000	-0.000023	0.006973	0.000002
2.138000	-0.000023	0.006965	0.000002
2.139000	-0.000023	0.006957	0.000002
2.140000	-0.000023	0.006949	0.000002
2.141000	-0.000023	0.006941	0.000002
2.142000	-0.000023	0.006933	0.000002
2.143000	-0.000023	0.006925	0.000002
2.144000	-0.000023	0.006917	0.000002
2.145000	-0.000023	0.006909	0.000002
2.146000	-0.000023	0.006901	0.000002
2.147000	-0.000023	0.006893	0.000002
2.148000	-0.000023	0.006885	0.000002
2.149000	-0.000023	0.006877	0.000002
2.150000	-0.000023	0.006869	0.000002
2.151000	-0.000023	0.006861	0.000002
2.152000	-0.000023	0.006853	0.000002
2.153000	-0.000023	0.006845	0.000002
2.154000	-0.000023	0.006837	0.000002
2.155000	-0.000023	0.006829	0.000002
2.156000	-0.000023	0.006821	0.000002
2.157000	-0.000023	0.006813	0.000002
2.158000	-0.000023	0.006805	0.000002
2.159000	-0.000023	0.006797	0.000002
2.160000	-0.000023	0.006789	0.000002
2.161000	-0.000023	0.006781	0.000002
2.162000	-0.000023	0.006773	0.000002
2.163000	-0.000023	0.006765	0.000002
2.164000	-0.000023	0.006757	0.000002
2.165000	-0.000023	0.006749	0.000002
2.166000	-0.000023	0.006741	0.000002
2.167000	-0.000023	0.006733	0.000002
2.168000	-0.000023	0.006725	0.000002
2.169000	-0.000023	0.006717	0.000002
2.170000	-0.000023	0.006709	0.000002
2.171000	-0.000023	0.006701	0.000002
2.172000	-0.000023	0.006693	0.000002
2.173000	-0.000023	0.006685	0.000002
2.174000	-0.000023	0.006677	0.000003
2.175000	-0.000023	0.006669	0.000003
2.176000	-0.000023	0.006661	0.000003
2.177000	-0.000023	0.006653	0.000003
2.178000	-0.000023	0.006645	0.000003
2.179000	-0.000023	0.006637	0.000003
2.180000	-0.000023	0.006629	0.000003
2.181000	-0.000023	0.006621	0.000003
2.182000	-0.000023	0.006613	0.000003
2.183000	-0.000023	0.006605	0.000003
2.184000	-0.000023	0.006597	0.000003
2.185000	-0.000023	0.006589	0.000003
2.186000	-0.000023	0.006581	0.000003
2.187000	-0.000023	0.006573	0.000003
2.188000	-0.000023	0.006565	0.000003
2.189000	-0.000023	0.006557	0.000003
2.190000	-0.000023	0.006549	0.000003
2.191000	-0.000023	0.006541	0.000003
2.192000	-0.000023	0.006533	0.000003
2.193000	-0.000023	0.006525	0.000003
2.194000	-0.000023	0.006517	0.000003
2.195000	-0.000023	0.006509	0.000003
2.196000	-0.000023	0.006500	0.000003
2.197000	-0.000023	0.006492	0.000003
2.198000	-0.000023	0.006484	0.000003
2.199000	-0.000023	0.006476	0.000003
2.200000	-0.000023	0.006468	0.000003
2.201000	-0.000023	0.006460	0.000003
2.202000	-0.000023	0.006452	0.000003
2.203000	-0.000023	0.006444	0.000003
2.204000	-0.000023	0.006436	0.000003
2.205000	-0.000023	0.006428	0.000003
2.206000	-0.000023	0.006420	0.000003
2.207000	-0.000023	0.006411	0.000003
2.208000	-0.000023	0.006403	0.000003
2.209000	-0.000023	0.006395	0.000003
2.210000	-0.000023	0.006387	0.000003
2.211000	-0.000023	0.006379	0.000003
2.212000	-0.000023	0.006371	0.000003
2.213000	-0.000023	0.006363	0.000003
2.214000	-0.000023	0.006355	0.000003
2.215000	-0.000023	0.006346	0.000003
2.216000	-0.000023	0.006338	0.000003
2.217000	-0.000023	0.006330	0.000003
2.218000	-0.000023	0.006322	0.000003
2.219000	-0.000023	0.006314	0.000003
2.220000	-0.000023	0.006306	0.000003
2.221000	-0.000023	0.006297	0.000003
2.222000	-0.000023	0.006289	0.000003
2.223000	-0.000023	0.006281	0.000003
2.224000	-0.000023	0.006273	0.000003
2.225000	-0.000023	0.006265	0.000003
2.226000	-0.000023	0.006256	0.000003
2.227000	-0.000023	0.006248	0.000003
2.228000	-0.000023	0.006240	0.000003
2.229000	-0.000023	0.006232	0.000003
2.230000	-0.000023	0.006224	0.000003
2.231000	-0.000023	0.006215	0.000003
2.232000	-0.000023	0.006207	0.000003
2.233000	-0.000023	0.006199	0.000003
2.234000	-0.000023	0.006191	0.000003
2.235000	-0.000023	0.006183	0.000003
2.236000	-0.000023	0.006174	0.000003
2.237000	-0.000023	0.006166	0.000003
2.238000	-0.000023	0.006158	0.000003
2.239000	-0.000023	0.006150	0.000003
2.240000	-0.000023	0.006141	0.000003
2.241000	-0.000023	0.006133	0.000003
2.242000	-0.000023	0.006125	0.000003
2.243000	-0.000023	0.006117	0.000003
2.244000	-0.000023	0.006108	0.000003
2.245000	-0.000023	0.006100	0.000003
2.246000	-0.000023	0.006092	0.000003
2.247000	-0.000023	0.006083	0.000003
2.248000	-0.000023	0.006075	0.000003
2.249000	-0.000023	0.006067	0.000003
2.250000	-0.000023	0.006059	0.000003
2.251000	-0.000023	0.006050	0.000003
2.252000	-0.000023	0.006042	0.000003
2.253000	-0.000023	0.006034	0.000003
2.254000	-0.000023	0.006025	0.000003
2.255000	-0.000023	0.006017	0.000003
2.256000	-0.000023	0.006009	0.000003
2.257000	-0.000023	0.006000	0.000003
2.258000	-0.000023	0.005992	0.000003
2.259000	-0.000023	0.005984	0.000003
2.260000	-0.000023	0.005975	0.000003
2.261000	-0.000023	0.005967	0.000003
2.262000	-0.000023	0.005959	0.000003
2.263000	-0.000023	0.005950	0.000003
2.264000	-0.000023	0.005942	0.000003
2.265000	-0.000023	0.005934	0.000003
2.266000	-0.000023	0.005925	0.000003
2.267000	-0.000023	0.005917	0.000003
2.268000	-0.000023	0.005909	0.000003
2.269000	-0.000023	0.005900	0.000003
2.270000	-0.000023	0.005892	0.000003
2.271000	-0.000023	0.005883	0.000003
2.272000	-0.000023	0.005875	0.000003
2.273000	-0.000023	0.005867	0.000003
2.274000	-0.000023	0.005858	0.000003
2.275000	-0.000023	0.005850	0.000003
2.276000	-0.000023	0.005841	0.000003
2.277000	-0.000023	0.005833	0.000003
2.278000	-0.000023	0.005825	0.000003
2.279000	-0.000023	0.005816	0.000003
2.280000	-0.000023	0.005808	0.000003
2.281000	-0.000023	0.005799	0.000003
2.282000	-0.000023	0.005791	0.000003
2.283000	-0.000023	0.005782	0.000003
2.284000	-0.000023	0.005774	0.000003
2.285000	-0.000023	0.005766	0.000003
2.286000	-0.000023	0.005757	0.000003
2.287000	-0.000023	0.005749	0.000003
2.288000	-0.000023	0.005740	0.000003
2.289000	-0.000023	0.005732	0.000003
2.290000	-0.000023	0.005723	0.000003
2.291000	-0.000023	0.005715	0.000003
2.292000	-0.000023	0.005706	0.000003
2.293000	-0.000023	0.005698	0.000003
2.294000	-0.000023	0.005689	0.000003
2.295000	-0.000023	0.005681	0.000003
2.296000	-0.000023	0.005672	0.000003
2.297000	-0.000023	0.005664	0.000003
2.298000	-0.000023	0.005655	0.000003
2.299000	-0.000023	0.005647	0.000003
2.300000	-0.000023	0.005638	0.000003
2.301000	-0.000023	0.005630	0.000003
2.302000	-0.000023	0.005621	0.000003
2.303000	-0.000023	0.005613	0.000003
2.304000	-0.000023	0.005604	0.000003
2.305000	-0.000023	0.005596	0.000003
2.306000	-0.000023	0.005587	0.000003
2.307000	-0.000023	0.005579	0.000003
2.308000	-0.000023	0.005570	0.000003
2.309000	-0.000023	0.005562	0.000003
2.310000	-0.000023	0.005553	0.000003
2.311000	-0.000023	0.005545	0.000003
2.312000	-0.000023	0.005536	0.000003
2.313000	-0.000023	0.005527	0.000003
2.314000	-0.000023	0.005519	0.000003
2.315000	-0.000023	0.005510	0.000003
2.316000	-0.000023	0.005502	0.000003
2.317000	-0.000023	0.005493	0.000003
2.318000	-0.000023	0.005485	0.000003
2.319000	-0.000023	0.005476	0.000003
2.320000	-0.000023	0.005467	0.000003
2.321000	-0.000023	0.005459	0.000003
2.322000	-0.000023	0.005450	0.000003
2.323000	-0.000023	0.005442	0.000003
2.324000	-0.000023	0.005433	0.000003
2.325000	-0.000023	0.005424	0.000003
2.326000	-0.000023	0.005416	0.000003
2.327000	-0.000023	0.005407	0.000003
2.328000	-0.000023	0.005399	0.000003
2.329000	-0.000023	0.005390	0.000003
2.330000	-0.000023	0.005381	0.000003
2.331000	-0.000023	0.005373	0.000003
2.332000	-0.000023	0.005364	0.000003
2.333000	-0.000023	0.005355	0.000003
2.334000	-0.000023	0.005347	0.000003
2.335000	-0.000023	0.005338	0.000003
2.336000	-0.000023	0.005330	0.000003
2.337000	-0.000023	0.005321	0.000002
2.338000	-0.000023	0.005312	0.000002
2.339000	-0.000023	0.005304	0.000002
2.340000	-0.000023	0.005295	0.000002
2.341000	-0.000023	0.005286	0.000002
2.342000	-0.000023	0.005278	0.000002
2.343000	-0.000023	0.005269	0.000002
2.344000	-0.000023	0.005260	0.000002
2.345000	-0.000023	0.005252	0.000002
2.346000	-0.000023	0.005243	0.000002
2.347000	-0.000023	0.005234	0.000002
2.348000	-0.000023	0.005226	0.000002
2.349000	-0.000023	0.005217	0.000002
2.350000	-0.000023	0.005208	0.000002
2.351000	-0.000023	0.005200	0.000002
2.352000	-0.000023	0.005191	0.000002
2.353000	-0.000023	0.005182	0.000002
2.354000	-0.000023	0.005173	0.000002
2.355000	-0.000023	0.005165	0.000002
2.356000	-0.000023	0.005156	0.000002
2.357000	-0.000023	0.005147	0.000002
2.358000	-0.000023	0.005139	0.000002
2.359000	-0.000023	0.005130	0.000002
2.360000	-0.000023	0.005121	0.000002
2.361000	-0.000023	0.005112	0.000002
2.362000	-0.000023	0.005104	0.000002
2.363000	-0.000023	0.005095	0.000002
2.364000	-0.000023	0.005086	0.000002
2.365000	-0.000023	0.005078	0.000002
2.366000	-0.000023	0.005069	0.000002
2.367000	-0.000023	0.005060	0.000002
2.368000	-0.000023	0.005051	0.000002
2.369000	-0.000023	0.005043	0.000002
2.370000	-0.000023	0.005034	0.000002
2.371000	-0.000023	0.005025	0.000002
2.372000	-0.000023	0.005016	0.000002
2.373000	-0.000023	0.005008	0.000002
2.374000	-0.000023	0.004999	0.000002
2.375000	-0.000023	0.004990	0.000002
2.376000	-0.000023	0.004981	0.000002
2.377000	-0.000023	0.004973	0.000002
2.378000	-0.000023	0.004964	0.000002
2.379000	-0.000023	0.004955	0.000002
2.380000	-0.000023	0.004946	0.000002
2.381000	-0.000023	0.004938	0.000002
2.382000	-0.000023	0.004929	0.000002
2.383000	-0.000023	0.004920	0.000002
2.384000	-0.000023	0.004911	0.000002
2.385000	-0.000023	0.004903	0.000002
2.386000	-0.000023	0.004894	0.000002
2.387000	-0.000023	0.004885	0.000002
2.388000	-0.000023	0.004876	0.000002
2.389000	-0.000023	0.004868	0.000002
2.390000	-0.000023	0.004859	0.000002
2.391000	-0.000023	0.004850	0.000002
2.392000	-0.000023	0.004841	0.000002
2.393000	-0.000023	0.004832	0.000002
2.394000	-0.000023	0.004824	0.000002
2.395000	-0.000023	0.004815	0.000002
2.396000	-0.000023	0.004806	0.000002
2.397000	-0.000023	0.004797	0.000002
2.398000	-0.000023	0.004789	0.000002
2.399000	-0.000023	0.004780	0.000002
2.400000	-0.000023	0.004771	0.000002
2.401000	-0.000023	0.004762	0.000002
2.402000	-0.000023	0.004753	0.000002
2.403000	-0.000023	0.004745	0.000002
2.404000	-0.000023	0.004736	0.000002
2.405000	-0.000023	0.004727	0.000002
2.406000	-0.000023	0.004718	0.000002
2.407000	-0.000023	0.004709	0.000002
2.408000	-0.000023	0.004701	0.000002
2.409000	-0.000023	0.004692	0.000002
2.410000	-0.000023	0.004683	0.000002
2.411000	-0.000023	0.004674	0.000002
2.412000	-0.000023	0.004665	0.000002
2.413000	-0.000023	0.004657	0.000001
2.414000	-0.000023	0.004648	0.000001
2.415000	-0.000023	0.004639	0.000001
2.416000	-0.000023	0.004630	0.000001
2.417000	-0.000023	0.004621	0.000001
2.418000	-0.000023	0.004613	0.000001
2.419000	-0.000023	0.004604	0.000001
2.420000	-0.000023	0.004595	0.000001
2.421000	-0.000023	0.004586	0.000001
2.422000	-0.000023	0.004577	0.000001
2.423000	-0.000023	0.004569	0.000001
2.424000	-0.000023	0.004560	0.000001
2.425000	-0.000023	0.004551	0.000001
2.426000	-0.000023	0.004542	0.000001
2.427000	-0.000023	0.004533	0.000001
2.428000	-0.000023	0.004525	0.000001
2.429000	-0.000023	0.004516	0.000001
2.430000	-0.000023	0.004507	0.000001
2.431000	-0.000023	0.004498	0.000001
2.432000	-0.000023	0.004489	0.000001
2.433000	-0.000023	0.004481	0.000001
2.434000	-0.000023	0.004472	0.000001
2.435000	-0.000023	0.004463	0.000001
2.436000	-0.000023	0.004454	0.000001
2.437000	-0.000023	0.004445	0.000001
2.438000	-0.000023	0.004437	0.000001
2.439000	-0.000023	0.004428	0.000001
2.440000	-0.000023	0.004419	0.000001
2.441000	-0.000023	0.004410	0.000001
2.442000	-0.000023	0.004401	0.000001
2.443000	-0.000023	0.004393	0.000001
2.444000	-0.000023	0.004384	0.000001
2.445000	-0.000023	0.004375	0.000001
2.446000	-0.000023	0.004366	0.000001
2.447000	-0.000023	0.004357	0.000001
2.448000	-0.000023	0.004349	0.000001
2.449000	-0.000023	0.004340	0.000001
2.450000	-0.000023	0.004331	0.000001
2.451000	-0.000023	0.004322	0.000001
2.452000	-0.000023	0.004314	0.000001
2.453000	-0.000023	0.004305	0.000001
2.454000	-0.000023	0.004296	0.000001
2.455000	-0.000023	0.004287	0.000001
2.456000	-0.000023	0.004278	0.000001
2.457000	-0.000023	0.004270	0.000001
2.458000	-0.000023	0.004261	0.000001
2.459000	-0.000023	0.004252	0.000001
2.460000	-0.000023	0.004243	0.000001
2.461000	-0.000023	0.004234	0.000001
2.462000	-0.000023	0.004226	0.000001
2.463000	-0.000023	0.004217	0.000001
2.464000	-0.000023	0.004208	0.000001
2.465000	-0.000023	0.004199	0.000001
2.466000	-0.000023	0.004191	0.000001
2.467000	-0.000023	0.004182	0.000001
2.468000	-0.000023	0.004173	0.000001
2.469000	-0.000023	0.004164	0.000001
2.470000	-0.000023	0.004156	0.000001
2.471000	-0.000023	0.004147	0.000001
2.472000	-0.000023	0.004138	0.000001
2.473000	-0.000023	0.004129	0.000000
2.474000	-0.000023	0.004120	0.000000
2.475000	-0.000023	0.004112	0.000000
2.476000	-0.000023	0.004103	0.000000
2.477000	-0.000023	0.004094	0.000000
2.478000	-0.000023	0.004085	0.000000
2.479000	-0.000023	0.004077	0.000000
2.480000	-0.000023	0.004068	0.000000
2.481000	-0.000023	0.004059	0.000000
2.482000	-0.000023	0.004051	0.000000
2.483000	-0.000023	0.004042	0.000000
2.484000	-0.000023	0.004033	0.000000
2.485000	-0.000023	0.004024	0.000000
2.486000	-0.000023	0.004016	0.000000
2.487000	-0.000023	0.004007	0.000000
2.488000	-0.000023	0.003998	0.000000
2.489000	-0.000023	0.003989	0.000000
2.490000	-0.000023	0.003981	0.000000
2.491000	-0.000023	0.003972	0.000000
2.492000	-0.000023	0.003963	0.000000
2.493000	-0.000023	0.003955	0.000000
2.494000	-0.000023	0.003946	0.000000
2.495000	-0.000023	0.003937	0.000000
2.496000	-0.000023	0.003928	0.000000
2.497000	-0.000023	0.003920	0.000000
2.498000	-0.000023	0.003911	0.000000
2.499000	-0.000023	0.003902	0.000000
2.500000	-0.000023	0.003894	-0.000000
2.501000	-0.000023	0.003885	-0.000000
2.502000	-0.000023	0.003876	-0.000000
2.503000	-0.000023	0.003868	-0.000000
2.504000	-0.000023	0.003859	-0.000000
2.505000	-0.000023	0.003850	-0.000000
2.506000	-0.000023	0.003842	-0.000000
2.507000	-0.000023	0.003833	-0.000000
2.508000	-0.000023	0.003824	-0.000000
2.509000	-0.000023	0.003816	-0.000000
2.510000	-0.000023	0.003807	-0.000000
2.511000	-0.000023	0.003798	-0.000000
2.512000	-0.000023	0.003790	-0.000000
2.513000	-0.000023	0.003781	-0.000000
2.514000	-0.000023	0.003772	-0.000000
2.515000	-0.000023	0.003764	-0.000000
2.516000	-0.000023	0.003755	-0.000000
2.517000	-0.000023	0.003747	-0.000000
2.518000	-0.000023	0.003738	-0.000000
2.519000	-0.000023	0.003729	-0.000000
2.520000	-0.000023	0.003721	-0.000000
2.521000	-0.000023	0.003712	-0.000000
2.522000	-0.000023	0.003703	-0.000000
2.523000	-0.000023	0.003695	-0.000000
2.524000	-0.000023	0.003686	-0.000000
2.525000	-0.000023	0.003678	-0.000000
2.526000	-0.000023	0.003669	-0.000001
2.527000	-0.000023	0.003660	-0.000001
2.528000	-0.000023	0.003652	-0.000001
2.529000	-0.000023	0.003643	-0.000001
2.530000	-0.000023	0.003635	-0.000001
2.531000	-0.000023	0.003626	-0.000001
2.532000	-0.000023	0.003618	-0.000001
2.533000	-0.000023	0.003609	-0.000001
2.534000	-0.000023	0.003601	-0.000001
2.535000	-0.000023	0.003592	-0.000001
2.536000	-0.000023	0.003583	-0.000001
2.537000	-0.000023	0.003575	-0.000001
2.538000	-0.000023	0.003566	-0.000001
2.539000	-0.000023	0.003558	-0.000001
2.540000	-0.000023	0.003549	-0.000001
2.541000	-0.000023	0.003541	-0.000001
2.542000	-0.000023	0.003532	-0.000001
2.543000	-0.000023	0.003524	-0.000001
2.544000	-0.000023	0.003515	-0.000001
2.545000	-0.000023	0.003507	-0.000001
2.546000	-0.000023	0.003498	-0.000001
2.547000	-0.000023	0.003490	-0.000001
