0.000000	0.000000	0.000000	1.570796
0.001000	0.000000	-0.000000	1.570353
0.002000	-0.000000	-0.000000	1.569731
0.003000	-0.000000	-0.000000	1.568976
0.004000	-0.000000	-0.000000	1.568123
0.005000	-0.000000	-0.000000	1.567196
0.006000	-0.000000	-0.000000	1.566213
0.007000	-0.000000	-0.000000	1.565189
0.008000	-0.000000	-0.000000	1.564133
0.009000	-0.000000	-0.000000	1.563052
0.010000	0.000000	-0.000000	1.561952
0.011000	0.000000	0.000000	1.560837
0.012000	0.000000	0.000000	1.559710
0.013000	0.000000	0.000000	1.558573
0.014000	0.000000	0.000000	1.557428
0.015000	0.000000	0.000000	1.556276
0.016000	0.000000	0.000000	1.555119
0.017000	0.000000	0.000000	1.553957
0.018000	0.000000	0.000000	1.552791
0.019000	0.000000	0.000000	1.551621
0.020000	0.000000	0.000000	1.550448
0.021000	0.000000	0.000000	1.549273
0.022000	0.000000	0.000000	1.548094
0.023000	0.000000	0.000000	1.546914
0.024000	0.000000	0.000000	1.545731
0.025000	0.000000	0.000001	1.544546
0.026000	0.000000	0.000001	1.543360
0.027000	0.000000	0.000001	1.542172
0.028000	0.000000	0.000001	1.540982
0.029000	0.000000	0.000001	1.539792
0.030000	0.000000	0.000001	1.538600
0.031000	0.000000	0.000001	1.537407
0.032000	0.000000	0.000001	1.536213
0.033000	0.000000	0.000001	1.535018
0.034000	0.000000	0.000001	1.533822
0.035000	0.000000	0.000001	1.532626
0.036000	0.000000	0.000002	1.531429
0.037000	0.000000	0.000002	1.530231
0.038000	0.000000	0.000002	1.529033
0.039000	0.000000	0.000002	1.527834
0.040000	0.000000	0.000002	1.526635
0.041000	0.000000	0.000002	1.525436
0.042000	0.000000	0.000002	1.524237
0.043000	0.000000	0.000003	1.523037
0.044000	0.000000	0.000003	1.521837
0.045000	0.000000	0.000003	1.520637
0.046000	0.000000	0.000003	1.519438
0.047000	0.000000	0.000003	1.518238
0.048000	0.000000	0.000003	1.517038
0.049000	0.000000	0.000004	1.515838
0.050000	0.000000	0.000004	1.514639
0.051000	0.000000	0.000004	1.513440
0.052000	0.000000	0.000004	1.512241
0.053000	0.000000	0.000004	1.511042
0.054000	0.000000	0.000005	1.509843
0.055000	0.000000	0.000005	1.508645
0.056000	0.000000	0.000005	1.507448
0.057000	0.000000	0.000005	1.506250
0.058000	0.000000	0.000005	1.505054
0.059000	0.000000	0.000006	1.503857
0.060000	0.000000	0.000006	1.502661
0.061000	0.000000	0.000006	1.501466
0.062000	0.000000	0.000006	1.500271
0.063000	0.000000	0.000006	1.499077
0.064000	0.000000	0.000007	1.497883
0.065000	0.000000	0.000007	1.496690
0.066000	0.000000	0.000007	1.495497
0.067000	0.000000	0.000007	1.494305
0.068000	0.000000	0.000008	1.493114
0.069000	0.000000	0.000008	1.491924
0.070000	0.000000	0.000008	1.490734
0.071000	0.000000	0.000008	1.489544
0.072000	0.000000	0.000009	1.488356
0.073000	0.000001	0.000009	1.487168
0.074000	0.000001	0.000009	1.485981
0.075000	0.000001	0.000010	1.484795
0.076000	0.000001	0.000010	1.483609
0.077000	0.000001	0.000010	1.482425
0.078000	0.000001	0.000010	1.481241
0.079000	0.000001	0.000011	1.480057
0.080000	0.000001	0.000011	1.478875
0.081000	0.000001	0.000011	1.477693
0.082000	0.000001	0.000012	1.476512
0.083000	0.000001	0.000012	1.475332
0.084000	0.000001	0.000012	1.474153
0.085000	0.000001	0.000013	1.472975
0.086000	0.000001	0.000013	1.471797
0.087000	0.000001	0.000013	1.470620
0.088000	0.000001	0.000014	1.469444
0.089000	0.000001	0.000014	1.468269
0.090000	0.000001	0.000014	1.467095
0.091000	0.000001	0.000015	1.465921
0.092000	0.000001	0.000015	1.464749
0.093000	0.000001	0.000015	1.463577
0.094000	0.000001	0.000016	1.462406
0.095000	0.000001	0.000016	1.461235
0.096000	0.000001	0.000016	1.460066
0.097000	0.000001	0.000017	1.458897
0.098000	0.000001	0.000017	1.457730
0.099000	0.000001	0.000017	1.456563
0.100000	0.000001	0.000018	1.455396
0.101000	0.000001	0.000018	1.454231
0.102000	0.000001	0.000019	1.453067
0.103000	0.000002	0.000019	1.451903
0.104000	0.000002	0.000019	1.450740
0.105000	0.000002	0.000020	1.449578
0.106000	0.000002	0.000020	1.448417
0.107000	0.000002	0.000021	1.447256
0.108000	0.000002	0.000021	1.446096
0.109000	0.000002	0.000021	1.444937
0.110000	0.000002	0.000022	1.443779
0.111000	0.000002	0.000022	1.442622
0.112000	0.000002	0.000023	1.441465
0.113000	0.000002	0.000023	1.440309
0.114000	0.000002	0.000023	1.439154
0.115000	0.000002	0.000024	1.438000
0.116000	0.000002	0.000024	1.436846
0.117000	0.000002	0.000025	1.435694
0.118000	0.000002	0.000025	1.434541
0.119000	0.000002	0.000026	1.433390
0.120000	0.000002	0.000026	1.432239
0.121000	0.000003	0.000027	1.431090
0.122000	0.000003	0.000027	1.429940
0.123000	0.000003	0.000027	1.428792
0.124000	0.000003	0.000028	1.427644
0.125000	0.000003	0.000028	1.426497
0.126000	0.000003	0.000029	1.425351
0.127000	0.000003	0.000029	1.424205
0.128000	0.000003	0.000030	1.423060
0.129000	0.000003	0.000030	1.421916
0.130000	0.000003	0.000031	1.420772
0.131000	0.000003	0.000031	1.419629
0.132000	0.000003	0.000032	1.418486
0.133000	0.000003	0.000032	1.417345
0.134000	0.000003	0.000033	1.416204
0.135000	0.000003	0.000033	1.415063
0.136000	0.000004	0.000034	1.413923
0.137000	0.000004	0.000034	1.412784
0.138000	0.000004	0.000035	1.411645
0.139000	0.000004	0.000035	1.410507
0.140000	0.000004	0.000036	1.409370
0.141000	0.000004	0.000036	1.408233
0.142000	0.000004	0.000037	1.407097
0.143000	0.000004	0.000037	1.405961
0.144000	0.000004	0.000038	1.404826
0.145000	0.000004	0.000038	1.403691
0.146000	0.000004	0.000039	1.402557
0.147000	0.000005	0.000039	1.401424
0.148000	0.000005	0.000040	1.400291
0.149000	0.000005	0.000040	1.399158
0.150000	0.000005	0.000041	1.398026
0.151000	0.000005	0.000041	1.396895
0.152000	0.000005	0.000042	1.395764
0.153000	0.000005	0.000043	1.394633
0.154000	0.000005	0.000043	1.393504
0.155000	0.000005	0.000044	1.392374
0.156000	0.000005	0.000044	1.391245
0.157000	0.000005	0.000045	1.390117
0.158000	0.000006	0.000045	1.388989
0.159000	0.000006	0.000046	1.387861
0.160000	0.000006	0.000046	1.386734
0.161000	0.000006	0.000047	1.385607
0.162000	0.000006	0.000048	1.384481
0.163000	0.000006	0.000048	1.383355
0.164000	0.000006	0.000049	1.382229
0.165000	0.000006	0.000049	1.381104
0.166000	0.000006	0.000050	1.379980
0.167000	0.000007	0.000051	1.378856
0.168000	0.000007	0.000051	1.377732
0.169000	0.000007	0.000052	1.376608
0.170000	0.000007	0.000052	1.375485
0.171000	0.000007	0.000053	1.374362
0.172000	0.000007	0.000054	1.373240
0.173000	0.000007	0.000054	1.372118
0.174000	0.000007	0.000055	1.370996
0.175000	0.000008	0.000055	1.369875
0.176000	0.000008	0.000056	1.368754
0.177000	0.000008	0.000057	1.367633
0.178000	0.000008	0.000057	1.366513
0.179000	0.000008	0.000058	1.365393
0.180000	0.000008	0.000058	1.364273
0.181000	0.000008	0.000059	1.363153
0.182000	0.000008	0.000060	1.362034
0.183000	0.000009	0.000060	1.360915
0.184000	0.000009	0.000061	1.359797
0.185000	0.000009	0.000062	1.358678
0.186000	0.000009	0.000062	1.357560
0.187000	0.000009	0.000063	1.356442
0.188000	0.000009	0.000064	1.355325
0.189000	0.000009	0.000064	1.354207
0.190000	0.000010	0.000065	1.353090
0.191000	0.000010	0.000066	1.351973
0.192000	0.000010	0.000066	1.350857
0.193000	0.000010	0.000067	1.349740
0.194000	0.000010	0.000068	1.348624
0.195000	0.000010	0.000068	1.347508
0.196000	0.000010	0.000069	1.346392
0.197000	0.000011	0.000070	1.345276
0.198000	0.000011	0.000070	1.344161
0.199000	0.000011	0.000071	1.343045
0.200000	0.000011	0.000072	1.341930
0.201000	0.000011	0.000072	1.340815
0.202000	0.000011	0.000073	1.339700
0.203000	0.000012	0.000074	1.338586
0.204000	0.000012	0.000074	1.337471
0.205000	0.000012	0.000075	1.336357
0.206000	0.000012	0.000076	1.335242
0.207000	0.000012	0.000076	1.334128
0.208000	0.000012	0.000077	1.333014
0.209000	0.000013	0.000078	1.331900
0.210000	0.000013	0.000078	1.330787
0.211000	0.000013	0.000079	1.329673
0.212000	0.000013	0.000080	1.328559
0.213000	0.000013	0.000081	1.327446
0.214000	0.000013	0.000081	1.326333
0.215000	0.000014	0.000082	1.325219
0.216000	0.000014	0.000083	1.324106
0.217000	0.000014	0.000083	1.322993
0.218000	0.000014	0.000084	1.321880
0.219000	0.000014	0.000085	1.320767
0.220000	0.000014	0.000086	1.319654
0.221000	0.000015	0.000086	1.318541
0.222000	0.000015	0.000087	1.317428
0.223000	0.000015	0.000088	1.316315
0.224000	0.000015	0.000089	1.315202
0.225000	0.000015	0.000089	1.314089
0.226000	0.000016	0.000090	1.312977
0.227000	0.000016	0.000091	1.311864
0.228000	0.000016	0.000092	1.310751
0.229000	0.000016	0.000092	1.309638
0.230000	0.000016	0.000093	1.308526
0.231000	0.000017	0.000094	1.307413
0.232000	0.000017	0.000095	1.306300
0.233000	0.000017	0.000095	1.305187
0.234000	0.000017	0.000096	1.304074
0.235000	0.000017	0.000097	1.302962
0.236000	0.000018	0.000098	1.301849
0.237000	0.000018	0.000098	1.300736
0.238000	0.000018	0.000099	1.299623
0.239000	0.000018	0.000100	1.298510
0.240000	0.000019	0.000101	1.297397
0.241000	0.000019	0.000102	1.296284
0.242000	0.000019	0.000102	1.295171
0.243000	0.000019	0.000103	1.294058
0.244000	0.000019	0.000104	1.292945
0.245000	0.000020	0.000105	1.291831
0.246000	0.000020	0.000105	1.290718
0.247000	0.000020	0.000106	1.289605
0.248000	0.000020	0.000107	1.288491
0.249000	0.000021	0.000108	1.287377
0.250000	0.000021	0.000109	1.286264
0.251000	0.000021	0.000109	1.285150
0.252000	0.000021	0.000110	1.284036
0.253000	0.000021	0.000111	1.282922
0.254000	0.000022	0.000112	1.281808
0.255000	0.000022	0.000113	1.280694
0.256000	0.000022	0.000114	1.279580
0.257000	0.000022	0.000114	1.278465
0.258000	0.000023	0.000115	1.277351
0.259000	0.000023	0.000116	1.276236
0.260000	0.000023	0.000117	1.275121
0.261000	0.000023	0.000118	1.274006
0.262000	0.000024	0.000118	1.272891
0.263000	0.000024	0.000119	1.271776
0.264000	0.000024	0.000120	1.270660
0.265000	0.000024	0.000121	1.269545
0.266000	0.000025	0.000122	1.268429
0.267000	0.000025	0.000123	1.267313
0.268000	0.000025	0.000123	1.266197
0.269000	0.000026	0.000124	1.265081
0.270000	0.000026	0.000125	1.263965
0.271000	0.000026	0.000126	1.262848
0.272000	0.000026	0.000127	1.261732
0.273000	0.000027	0.000128	1.260615
0.274000	0.000027	0.000129	1.259498
0.275000	0.000027	0.000129	1.258381
0.276000	0.000027	0.000130	1.257263
0.277000	0.000028	0.000131	1.256146
0.278000	0.000028	0.000132	1.255028
0.279000	0.000028	0.000133	1.253910
0.280000	0.000029	0.000134	1.252792
0.281000	0.000029	0.000135	1.251674
0.282000	0.000029	0.000135	1.250555
0.283000	0.000029	0.000136	1.249436
0.284000	0.000030	0.000137	1.248317
0.285000	0.000030	0.000138	1.247198
0.286000	0.000030	0.000139	1.246079
0.287000	0.000031	0.000140	1.244959
0.288000	0.000031	0.000141	1.243839
0.289000	0.000031	0.000142	1.242719
0.290000	0.000032	0.000143	1.241599
0.291000	0.000032	0.000143	1.240478
0.292000	0.000032	0.000144	1.239357
0.293000	0.000032	0.000145	1.238236
0.294000	0.000033	0.000146	1.237115
0.295000	0.000033	0.000147	1.235993
0.296000	0.000033	0.000148	1.234872
0.297000	0.000034	0.000149	1.233750
0.298000	0.000034	0.000150	1.232628
0.299000	0.000034	0.000151	1.231505
0.300000	0.000035	0.000152	1.230382
0.301000	0.000035	0.000152	1.229259
0.302000	0.000035	0.000153	1.228136
0.303000	0.000036	0.000154	1.227012
0.304000	0.000036	0.000155	1.225889
0.305000	0.000036	0.000156	1.224765
0.306000	0.000037	0.000157	1.223640
0.307000	0.000037	0.000158	1.222516
0.308000	0.000037	0.000159	1.221391
0.309000	0.000038	0.000160	1.220266
0.310000	0.000038	0.000161	1.219140
0.311000	0.000038	0.000162	1.218015
0.312000	0.000039	0.000163	1.216889
0.313000	0.000039	0.000164	1.215762
0.314000	0.000039	0.000165	1.214636
0.315000	0.000040	0.000165	1.213509
0.316000	0.000040	0.000166	1.212382
0.317000	0.000040	0.000167	1.211254
0.318000	0.000041	0.000168	1.210127
0.319000	0.000041	0.000169	1.208999
0.320000	0.000041	0.000170	1.207870
0.321000	0.000042	0.000171	1.206742
0.322000	0.000042	0.000172	1.205613
0.323000	0.000043	0.000173	1.204484
0.324000	0.000043	0.000174	1.203354
0.325000	0.000043	0.000175	1.202224
0.326000	0.000044	0.000176	1.201094
0.327000	0.000044	0.000177	1.199964
0.328000	0.000044	0.000178	1.198833
0.329000	0.000045	0.000179	1.197702
0.330000	0.000045	0.000180	1.196571
0.331000	0.000046	0.000181	1.195439
0.332000	0.000046	0.000182	1.194307
0.333000	0.000046	0.000183	1.193175
0.334000	0.000047	0.000184	1.192042
0.335000	0.000047	0.000185	1.190909
0.336000	0.000048	0.000186	1.189776
0.337000	0.000048	0.000187	1.188643
0.338000	0.000048	0.000188	1.187509
0.339000	0.000049	0.000189	1.186375
0.340000	0.000049	0.000190	1.185240
0.341000	0.000050	0.000191	1.184105
0.342000	0.000050	0.000192	1.182970
0.343000	0.000050	0.000193	1.181834
0.344000	0.000051	0.000194	1.180699
0.345000	0.000051	0.000195	1.179562
0.346000	0.000052	0.000196	1.178426
0.347000	0.000052	0.000197	1.177289
0.348000	0.000052	0.000198	1.176152
0.349000	0.000053	0.000199	1.175014
0.350000	0.000053	0.000200	1.173876
0.351000	0.000054	0.000201	1.172738
0.352000	0.000054	0.000202	1.171600
0.353000	0.000055	0.000203	1.170461
0.354000	0.000055	0.000204	1.169322
0.355000	0.000055	0.000205	1.168182
0.356000	0.000056	0.000206	1.167042
0.357000	0.000056	0.000207	1.165902
0.358000	0.000057	0.000208	1.164761
0.359000	0.000057	0.000209	1.163620
0.360000	0.000058	0.000210	1.162479
0.361000	0.000058	0.000211	1.161338
0.362000	0.000058	0.000212	1.160196
0.363000	0.000059	0.000213	1.159053
0.364000	0.000059	0.000214	1.157911
0.365000	0.000060	0.000215	1.156768
0.366000	0.000060	0.000216	1.155624
0.367000	0.000061	0.000217	1.154481
0.368000	0.000061	0.000218	1.153337
0.369000	0.000062	0.000219	1.152192
0.370000	0.000062	0.000220	1.151048
0.371000	0.000063	0.000221	1.149903
0.372000	0.000063	0.000222	1.148757
0.373000	0.000064	0.000223	1.147611
0.374000	0.000064	0.000224	1.146465
0.375000	0.000064	0.000225	1.145319
0.376000	0.000065	0.000227	1.144172
0.377000	0.000065	0.000228	1.143025
0.378000	0.000066	0.000229	1.141877
0.379000	0.000066	0.000230	1.140729
0.380000	0.000067	0.000231	1.139581
0.381000	0.000067	0.000232	1.138432
0.382000	0.000068	0.000233	1.137284
0.383000	0.000068	0.000234	1.136134
0.384000	0.000069	0.000235	1.134985
0.385000	0.000069	0.000236	1.133835
0.386000	0.000070	0.000237	1.132684
0.387000	0.000070	0.000238	1.131534
0.388000	0.000071	0.000239	1.130383
0.389000	0.000071	0.000240	1.129231
0.390000	0.000072	0.000242	1.128079
0.391000	0.000072	0.000243	1.126927
0.392000	0.000073	0.000244	1.125775
0.393000	0.000073	0.000245	1.124622
0.394000	0.000074	0.000246	1.123469
0.395000	0.000075	0.000247	1.122315
0.396000	0.000075	0.000248	1.121161
0.397000	0.000076	0.000249	1.120007
0.398000	0.000076	0.000250	1.118853
0.399000	0.000077	0.000251	1.117698
0.400000	0.000077	0.000252	1.116543
0.401000	0.000078	0.000254	1.115387
0.402000	0.000078	0.000255	1.114231
0.403000	0.000079	0.000256	1.113075
0.404000	0.000079	0.000257	1.111918
0.405000	0.000080	0.000258	1.110761
0.406000	0.000080	0.000259	1.109604
0.407000	0.000081	0.000260	1.108446
0.408000	0.000082	0.000261	1.107288
0.409000	0.000082	0.000262	1.106129
0.410000	0.000083	0.000264	1.104971
0.411000	0.000083	0.000265	1.103812
0.412000	0.000084	0.000266	1.102652
0.413000	0.000084	0.000267	1.101492
0.414000	0.000085	0.000268	1.100332
0.415000	0.000085	0.000269	1.099172
0.416000	0.000086	0.000270	1.098011
0.417000	0.000087	0.000271	1.096850
0.418000	0.000087	0.000273	1.095688
0.419000	0.000088	0.000274	1.094527
0.420000	0.000088	0.000275	1.093364
0.421000	0.000089	0.000276	1.092202
0.422000	0.000090	0.000277	1.091039
0.423000	0.000090	0.000278	1.089876
0.424000	0.000091	0.000279	1.088712
0.425000	0.000091	0.000280	1.087548
0.426000	0.000092	0.000282	1.086384
0.427000	0.000093	0.000283	1.085220
0.428000	0.000093	0.000284	1.084055
0.429000	0.000094	0.000285	1.082890
0.430000	0.000094	0.000286	1.081724
0.431000	0.000095	0.000287	1.080558
0.432000	0.000096	0.000288	1.079392
0.433000	0.000096	0.000290	1.078226
0.434000	0.000097	0.000291	1.077059
0.435000	0.000097	0.000292	1.075892
0.436000	0.000098	0.000293	1.074724
0.437000	0.000099	0.000294	1.073556
0.438000	0.000099	0.000295	1.072388
0.439000	0.000100	0.000297	1.071220
0.440000	0.000101	0.000298	1.070051
0.441000	0.000101	0.000299	1.068882
0.442000	0.000102	0.000300	1.067712
0.443000	0.000102	0.000301	1.066543
0.444000	0.000103	0.000302	1.065372
0.445000	0.000104	0.000304	1.064202
0.446000	0.000104	0.000305	1.063031
0.447000	0.000105	0.000306	1.061860
0.448000	0.000106	0.000307	1.060689
0.449000	0.000106	0.000308	1.059517
0.450000	0.000107	0.000309	1.058345
0.451000	0.000108	0.000311	1.057173
0.452000	0.000108	0.000312	1.056001
0.453000	0.000109	0.000313	1.054828
0.454000	0.000110	0.000314	1.053655
0.455000	0.000110	0.000315	1.052481
0.456000	0.000111	0.000316	1.051307
0.457000	0.000112	0.000318	1.050133
0.458000	0.000112	0.000319	1.048959
0.459000	0.000113	0.000320	1.047784
0.460000	0.000114	0.000321	1.046609
0.461000	0.000114	0.000322	1.045434
0.462000	0.000115	0.000324	1.044258
0.463000	0.000116	0.000325	1.043083
0.464000	0.000117	0.000326	1.041906
0.465000	0.000117	0.000327	1.040730
0.466000	0.000118	0.000328	1.039553
0.467000	0.000119	0.000330	1.038376
0.468000	0.000119	0.000331	1.037199
0.469000	0.000120	0.000332	1.036021
0.470000	0.000121	0.000333	1.034844
0.471000	0.000121	0.000334	1.033665
0.472000	0.000122	0.000336	1.032487
0.473000	0.000123	0.000337	1.031308
0.474000	0.000124	0.000338	1.030129
0.475000	0.000124	0.000339	1.028950
0.476000	0.000125	0.000340	1.027771
0.477000	0.000126	0.000342	1.026591
0.478000	0.000127	0.000343	1.025411
0.479000	0.000127	0.000344	1.024230
0.480000	0.000128	0.000345	1.023050
0.481000	0.000129	0.000347	1.021869
0.482000	0.000130	0.000348	1.020688
0.483000	0.000130	0.000349	1.019507
0.484000	0.000131	0.000350	1.018325
0.485000	0.000132	0.000351	1.017143
0.486000	0.000133	0.000353	1.015961
0.487000	0.000133	0.000354	1.014779
0.488000	0.000134	0.000355	1.013596
0.489000	0.000135	0.000356	1.012413
0.490000	0.000136	0.000358	1.011230
0.491000	0.000136	0.000359	1.010047
0.492000	0.000137	0.000360	1.008863
0.493000	0.000138	0.000361	1.007679
0.494000	0.000139	0.000362	1.006495
0.495000	0.000139	0.000364	1.005311
0.496000	0.000140	0.000365	1.004126
0.497000	0.000141	0.000366	1.002941
0.498000	0.000142	0.000367	1.001756
0.499000	0.000143	0.000369	1.000571
0.500000	0.000143	0.000370	0.999385
0.501000	0.000144	0.000371	0.998200
0.502000	0.000145	0.000372	0.997014
0.503000	0.000146	0.000374	0.995828
0.504000	0.000147	0.000375	0.994641
0.505000	0.000147	0.000376	0.993455
0.506000	0.000148	0.000377	0.992268
0.507000	0.000149	0.000379	0.991081
0.508000	0.000150	0.000380	0.989893
0.509000	0.000151	0.000381	0.988706
0.510000	0.000152	0.000382	0.987518
0.511000	0.000152	0.000384	0.986331
0.512000	0.000153	0.000385	0.985142
0.513000	0.000154	0.000386	0.983954
0.514000	0.000155	0.000387	0.982766
0.515000	0.000156	0.000389	0.981577
0.516000	0.000157	0.000390	0.980388
0.517000	0.000157	0.000391	0.979199
0.518000	0.000158	0.000392	0.978010
0.519000	0.000159	0.000394	0.976820
0.520000	0.000160	0.000395	0.975631
0.521000	0.000161	0.000396	0.974441
0.522000	0.000162	0.000397	0.973251
0.523000	0.000162	0.000399	0.972061
0.524000	0.000163	0.000400	0.970871
0.525000	0.000164	0.000401	0.969680
0.526000	0.000165	0.000402	0.968489
0.527000	0.000166	0.000404	0.967298
0.528000	0.000167	0.000405	0.966107
0.529000	0.000168	0.000406	0.964916
0.530000	0.000169	0.000408	0.963725
0.531000	0.000169	0.000409	0.962533
0.532000	0.000170	0.000410	0.961342
0.533000	0.000171	0.000411	0.960150
0.534000	0.000172	0.000413	0.958958
0.535000	0.000173	0.000414	0.957766
0.536000	0.000174	0.000415	0.956574
0.537000	0.000175	0.000416	0.955381
0.538000	0.000176	0.000418	0.954189
0.539000	0.000177	0.000419	0.952996
0.540000	0.000178	0.000420	0.951803
0.541000	0.000178	0.000422	0.950610
0.542000	0.000179	0.000423	0.949417
0.543000	0.000180	0.000424	0.948224
0.544000	0.000181	0.000425	0.947030
0.545000	0.000182	0.000427	0.945837
0.546000	0.000183	0.000428	0.944643
0.547000	0.000184	0.000429	0.943449
0.548000	0.000185	0.000431	0.942255
0.549000	0.000186	0.000432	0.941061
0.550000	0.000187	0.000433	0.939867
0.551000	0.000188	0.000434	0.938673
0.552000	0.000189	0.000436	0.937479
0.553000	0.000190	0.000437	0.936284
0.554000	0.000191	0.000438	0.935090
0.555000	0.000191	0.000440	0.933895
0.556000	0.000192	0.000441	0.932700
0.557000	0.000193	0.000442	0.931506
0.558000	0.000194	0.000443	0.930311
0.559000	0.000195	0.000445	0.929116
0.560000	0.000196	0.000446	0.927921
0.561000	0.000197	0.000447	0.926725
0.562000	0.000198	0.000449	0.925530
0.563000	0.000199	0.000450	0.924335
0.564000	0.000200	0.000451	0.923139
0.565000	0.000201	0.000452	0.921944
0.566000	0.000202	0.000454	0.920748
0.567000	0.000203	0.000455	0.919552
0.568000	0.000204	0.000456	0.918357
0.569000	0.000205	0.000458	0.917161
0.570000	0.000206	0.000459	0.915965
0.571000	0.000207	0.000460	0.914769
0.572000	0.000208	0.000462	0.913573
0.573000	0.000209	0.000463	0.912377
0.574000	0.000210	0.000464	0.911181
0.575000	0.000211	0.000466	0.909985
0.576000	0.000212	0.000467	0.908789
0.577000	0.000213	0.000468	0.907593
0.578000	0.000214	0.000469	0.906396
0.579000	0.000215	0.000471	0.905200
0.580000	0.000216	0.000472	0.904004
0.581000	0.000217	0.000473	0.902807
0.582000	0.000218	0.000475	0.901611
0.583000	0.000219	0.000476	0.900414
0.584000	0.000220	0.000477	0.899218
0.585000	0.000221	0.000479	0.898021
0.586000	0.000222	0.000480	0.896825
0.587000	0.000224	0.000481	0.895628
0.588000	0.000225	0.000483	0.894432
0.589000	0.000226	0.000484	0.893235
0.590000	0.000227	0.000485	0.892039
0.591000	0.000228	0.000486	0.890842
0.592000	0.000229	0.000488	0.889646
0.593000	0.000230	0.000489	0.888449
0.594000	0.000231	0.000490	0.887253
0.595000	0.000232	0.000492	0.886056
0.596000	0.000233	0.000493	0.884860
0.597000	0.000234	0.000494	0.883663
0.598000	0.000235	0.000496	0.882467
0.599000	0.000236	0.000497	0.881270
0.600000	0.000237	0.000498	0.880074
0.601000	0.000239	0.000500	0.878877
0.602000	0.000240	0.000501	0.877681
0.603000	0.000241	0.000502	0.876484
0.604000	0.000242	0.000504	0.875288
0.605000	0.000243	0.000505	0.874092
0.606000	0.000244	0.000506	0.872895
0.607000	0.000245	0.000508	0.871699
0.608000	0.000246	0.000509	0.870503
0.609000	0.000247	0.000510	0.869307
0.610000	0.000248	0.000512	0.868111
0.611000	0.000250	0.000513	0.866915
0.612000	0.000251	0.000514	0.865719
0.613000	0.000252	0.000515	0.864523
0.614000	0.000253	0.000517	0.863327
0.615000	0.000254	0.000518	0.862131
0.616000	0.000255	0.000519	0.860935
0.617000	0.000256	0.000521	0.859739
0.618000	0.000258	0.000522	0.858544
0.619000	0.000259	0.000523	0.857348
0.620000	0.000260	0.000525	0.856153
0.621000	0.000261	0.000526	0.854957
0.622000	0.000262	0.000527	0.853762
0.623000	0.000263	0.000529	0.852567
0.624000	0.000264	0.000530	0.851372
0.625000	0.000266	0.000531	0.850177
0.626000	0.000267	0.000533	0.848982
0.627000	0.000268	0.000534	0.847787
0.628000	0.000269	0.000535	0.846592
0.629000	0.000270	0.000537	0.845398
0.630000	0.000271	0.000538	0.844203
0.631000	0.000273	0.000539	0.843009
0.632000	0.000274	0.000541	0.841814
0.633000	0.000275	0.000542	0.840620
0.634000	0.000276	0.000543	0.839426
0.635000	0.000277	0.000545	0.838232
0.636000	0.000279	0.000546	0.837038
0.637000	0.000280	0.000547	0.835845
0.638000	0.000281	0.000549	0.834651
0.639000	0.000282	0.000550	0.833458
0.640000	0.000283	0.000551	0.832264
0.641000	0.000285	0.000553	0.831071
0.642000	0.000286	0.000554	0.829878
0.643000	0.000287	0.000555	0.828685
0.644000	0.000288	0.000557	0.827492
0.645000	0.000290	0.000558	0.826300
0.646000	0.000291	0.000559	0.825108
0.647000	0.000292	0.000561	0.823915
0.648000	0.000293	0.000562	0.822723
0.649000	0.000294	0.000563	0.821531
0.650000	0.000296	0.000565	0.820339
0.651000	0.000297	0.000566	0.819148
0.652000	0.000298	0.000567	0.817956
0.653000	0.000299	0.000569	0.816765
0.654000	0.000301	0.000570	0.815574
0.655000	0.000302	0.000571	0.814383
0.656000	0.000303	0.000573	0.813193
0.657000	0.000304	0.000574	0.812002
0.658000	0.000306	0.000575	0.810812
0.659000	0.000307	0.000577	0.809622
0.660000	0.000308	0.000578	0.808432
0.661000	0.000310	0.000579	0.807242
0.662000	0.000311	0.000581	0.806052
0.663000	0.000312	0.000582	0.804863
0.664000	0.000313	0.000583	0.803674
0.665000	0.000315	0.000585	0.802485
0.666000	0.000316	0.000586	0.801297
0.667000	0.000317	0.000587	0.800108
0.668000	0.000319	0.000589	0.798920
0.669000	0.000320	0.000590	0.797732
0.670000	0.000321	0.000591	0.796544
0.671000	0.000322	0.000593	0.795356
0.672000	0.000324	0.000594	0.794169
0.673000	0.000325	0.000595	0.792982
0.674000	0.000326	0.000597	0.791795
0.675000	0.000328	0.000598	0.790609
0.676000	0.000329	0.000599	0.789422
0.677000	0.000330	0.000601	0.788236
0.678000	0.000332	0.000602	0.787050
0.679000	0.000333	0.000603	0.785865
0.680000	0.000334	0.000605	0.784679
0.681000	0.000336	0.000606	0.783494
0.682000	0.000337	0.000607	0.782309
0.683000	0.000338	0.000609	0.781125
0.684000	0.000340	0.000610	0.779941
0.685000	0.000341	0.000611	0.778757
0.686000	0.000342	0.000613	0.777573
0.687000	0.000344	0.000614	0.776389
0.688000	0.000345	0.000615	0.775206
0.689000	0.000347	0.000617	0.774023
0.690000	0.000348	0.000618	0.772841
0.691000	0.000349	0.000619	0.771658
0.692000	0.000351	0.000621	0.770476
0.693000	0.000352	0.000622	0.769295
0.694000	0.000353	0.000623	0.768113
0.695000	0.000355	0.000625	0.766932
0.696000	0.000356	0.000626	0.765751
0.697000	0.000358	0.000627	0.764571
0.698000	0.000359	0.000629	0.763391
0.699000	0.000360	0.000630	0.762211
0.700000	0.000362	0.000631	0.761031
0.701000	0.000363	0.000633	0.759852
0.702000	0.000365	0.000634	0.758673
0.703000	0.000366	0.000635	0.757495
0.704000	0.000367	0.000637	0.756316
0.705000	0.000369	0.000638	0.755138
0.706000	0.000370	0.000639	0.753961
0.707000	0.000372	0.000641	0.752784
0.708000	0.000373	0.000642	0.751607
0.709000	0.000374	0.000643	0.750430
0.710000	0.000376	0.000645	0.749254
0.711000	0.000377	0.000646	0.748078
0.712000	0.000379	0.000647	0.746903
0.713000	0.000380	0.000649	0.745727
0.714000	0.000382	0.000650	0.744553
0.715000	0.000383	0.000651	0.743378
0.716000	0.000385	0.000653	0.742204
0.717000	0.000386	0.000654	0.741031
0.718000	0.000387	0.000655	0.739857
0.719000	0.000389	0.000657	0.738684
0.720000	0.000390	0.000658	0.737512
0.721000	0.000392	0.000659	0.736340
0.722000	0.000393	0.000661	0.735168
0.723000	0.000395	0.000662	0.733997
0.724000	0.000396	0.000663	0.732826
0.725000	0.000398	0.000665	0.731655
0.726000	0.000399	0.000666	0.730485
0.727000	0.000401	0.000667	0.729315
0.728000	0.000402	0.000669	0.728146
0.729000	0.000404	0.000670	0.726977
0.730000	0.000405	0.000671	0.725808
0.731000	0.000407	0.000673	0.724640
0.732000	0.000408	0.000674	0.723472
0.733000	0.000410	0.000675	0.722305
0.734000	0.000411	0.000677	0.721138
0.735000	0.000413	0.000678	0.719971
0.736000	0.000414	0.000679	0.718805
0.737000	0.000416	0.000681	0.717640
0.738000	0.000417	0.000682	0.716474
0.739000	0.000419	0.000683	0.715310
0.740000	0.000420	0.000685	0.714145
0.741000	0.000422	0.000686	0.712981
0.742000	0.000423	0.000687	0.711818
0.743000	0.000425	0.000689	0.710655
0.744000	0.000426	0.000690	0.709492
0.745000	0.000428	0.000691	0.708330
0.746000	0.000429	0.000693	0.707169
0.747000	0.000431	0.000694	0.706007
0.748000	0.000432	0.000695	0.704847
0.749000	0.000434	0.000697	0.703686
0.750000	0.000436	0.000698	0.702527
0.751000	0.000437	0.000699	0.701367
0.752000	0.000439	0.000700	0.700209
0.753000	0.000440	0.000702	0.699050
0.754000	0.000442	0.000703	0.697892
0.755000	0.000443	0.000704	0.696735
0.756000	0.000445	0.000706	0.695578
0.757000	0.000447	0.000707	0.694422
0.758000	0.000448	0.000708	0.693266
0.759000	0.000450	0.000710	0.692110
0.760000	0.000451	0.000711	0.690955
0.761000	0.000453	0.000712	0.689801
0.762000	0.000454	0.000714	0.688647
0.763000	0.000456	0.000715	0.687494
0.764000	0.000458	0.000716	0.686341
0.765000	0.000459	0.000718	0.685188
0.766000	0.000461	0.000719	0.684036
0.767000	0.000462	0.000720	0.682885
0.768000	0.000464	0.000721	0.681734
0.769000	0.000466	0.000723	0.680584
0.770000	0.000467	0.000724	0.679434
0.771000	0.000469	0.000725	0.678285
0.772000	0.000471	0.000727	0.677136
0.773000	0.000472	0.000728	0.675988
0.774000	0.000474	0.000729	0.674840
0.775000	0.000475	0.000731	0.673693
0.776000	0.000477	0.000732	0.672546
0.777000	0.000479	0.000733	0.671400
0.778000	0.000480	0.000735	0.670255
0.779000	0.000482	0.000736	0.669110
0.780000	0.000484	0.000737	0.667966
0.781000	0.000485	0.000738	0.666822
0.782000	0.000487	0.000740	0.665679
0.783000	0.000489	0.000741	0.664536
0.784000	0.000490	0.000742	0.663394
0.785000	0.000492	0.000744	0.662252
0.786000	0.000494	0.000745	0.661111
0.787000	0.000495	0.000746	0.659971
0.788000	0.000497	0.000748	0.658831
0.789000	0.000499	0.000749	0.657692
0.790000	0.000500	0.000750	0.656553
0.791000	0.000502	0.000751	0.655415
0.792000	0.000504	0.000753	0.654277
0.793000	0.000505	0.000754	0.653141
0.794000	0.000507	0.000755	0.652004
0.795000	0.000509	0.000757	0.650869
0.796000	0.000510	0.000758	0.649733
0.797000	0.000512	0.000759	0.648599
0.798000	0.000514	0.000761	0.647465
0.799000	0.000516	0.000762	0.646332
0.800000	0.000517	0.000763	0.645199
0.801000	0.000519	0.000764	0.644067
0.802000	0.000521	0.000766	0.642935
0.803000	0.000522	0.000767	0.641805
0.804000	0.000524	0.000768	0.640674
0.805000	0.000526	0.000770	0.639545
0.806000	0.000528	0.000771	0.638416
0.807000	0.000529	0.000772	0.637288
0.808000	0.000531	0.000773	0.636160
0.809000	0.000533	0.000775	0.635033
0.810000	0.000535	0.000776	0.633906
0.811000	0.000536	0.000777	0.632781
0.812000	0.000538	0.000779	0.631655
0.813000	0.000540	0.000780	0.630531
0.814000	0.000542	0.000781	0.629407
0.815000	0.000543	0.000782	0.628284
0.816000	0.000545	0.000784	0.627161
0.817000	0.000547	0.000785	0.626040
0.818000	0.000549	0.000786	0.624918
0.819000	0.000550	0.000788	0.623798
0.820000	0.000552	0.000789	0.622678
0.821000	0.000554	0.000790	0.621559
0.822000	0.000556	0.000791	0.620440
0.823000	0.000558	0.000793	0.619322
0.824000	0.000559	0.000794	0.618205
0.825000	0.000561	0.000795	0.617088
0.826000	0.000563	0.000796	0.615973
0.827000	0.000565	0.000798	0.614857
0.828000	0.000566	0.000799	0.613743
0.829000	0.000568	0.000800	0.612629
0.830000	0.000570	0.000802	0.611516
0.831000	0.000572	0.000803	0.610404
0.832000	0.000574	0.000804	0.609292
0.833000	0.000576	0.000805	0.608181
0.834000	0.000577	0.000807	0.607071
0.835000	0.000579	0.000808	0.605961
0.836000	0.000581	0.000809	0.604852
0.837000	0.000583	0.000810	0.603744
0.838000	0.000585	0.000812	0.602636
0.839000	0.000586	0.000813	0.601530
0.840000	0.000588	0.000814	0.600424
0.841000	0.000590	0.000815	0.599318
0.842000	0.000592	0.000817	0.598214
0.843000	0.000594	0.000818	0.597110
0.844000	0.000596	0.000819	0.596007
0.845000	0.000598	0.000820	0.594904
0.846000	0.000599	0.000822	0.593803
0.847000	0.000601	0.000823	0.592702
0.848000	0.000603	0.000824	0.591601
0.849000	0.000605	0.000825	0.590502
0.850000	0.000607	0.000827	0.589403
0.851000	0.000609	0.000828	0.588305
0.852000	0.000611	0.000829	0.587208
0.853000	0.000612	0.000830	0.586112
0.854000	0.000614	0.000832	0.585016
0.855000	0.000616	0.000833	0.583921
0.856000	0.000618	0.000834	0.582827
0.857000	0.000620	0.000835	0.581733
0.858000	0.000622	0.000837	0.580640
0.859000	0.000624	0.000838	0.579548
0.860000	0.000626	0.000839	0.578457
0.861000	0.000628	0.000840	0.577367
0.862000	0.000629	0.000842	0.576277
0.863000	0.000631	0.000843	0.575188
0.864000	0.000633	0.000844	0.574100
0.865000	0.000635	0.000845	0.573013
0.866000	0.000637	0.000847	0.571926
0.867000	0.000639	0.000848	0.570841
0.868000	0.000641	0.000849	0.569756
0.869000	0.000643	0.000850	0.568672
0.870000	0.000645	0.000852	0.567588
0.871000	0.000647	0.000853	0.566506
0.872000	0.000649	0.000854	0.565424
0.873000	0.000651	0.000855	0.564343
0.874000	0.000653	0.000856	0.563263
0.875000	0.000655	0.000858	0.562183
0.876000	0.000656	0.000859	0.561105
0.877000	0.000658	0.000860	0.560027
0.878000	0.000660	0.000861	0.558950
0.879000	0.000662	0.000863	0.557874
0.880000	0.000664	0.000864	0.556798
0.881000	0.000666	0.000865	0.555724
0.882000	0.000668	0.000866	0.554650
0.883000	0.000670	0.000867	0.553577
0.884000	0.000672	0.000869	0.552505
0.885000	0.000674	0.000870	0.551434
0.886000	0.000676	0.000871	0.550364
0.887000	0.000678	0.000872	0.549294
0.888000	0.000680	0.000874	0.548225
0.889000	0.000682	0.000875	0.547157
0.890000	0.000684	0.000876	0.546090
0.891000	0.000686	0.000877	0.545024
0.892000	0.000688	0.000878	0.543959
0.893000	0.000690	0.000880	0.542894
0.894000	0.000692	0.000881	0.541830
0.895000	0.000694	0.000882	0.540768
0.896000	0.000696	0.000883	0.539706
0.897000	0.000698	0.000884	0.538644
0.898000	0.000700	0.000886	0.537584
0.899000	0.000702	0.000887	0.536525
0.900000	0.000704	0.000888	0.535466
0.901000	0.000706	0.000889	0.534408
0.902000	0.000708	0.000890	0.533351
0.903000	0.000710	0.000892	0.532295
0.904000	0.000712	0.000893	0.531240
0.905000	0.000714	0.000894	0.530186
0.906000	0.000716	0.000895	0.529133
0.907000	0.000718	0.000896	0.528080
0.908000	0.000720	0.000898	0.527029
0.909000	0.000722	0.000899	0.525978
0.910000	0.000725	0.000900	0.524928
0.911000	0.000727	0.000901	0.523879
0.912000	0.000729	0.000902	0.522831
0.913000	0.000731	0.000904	0.521784
0.914000	0.000733	0.000905	0.520737
0.915000	0.000735	0.000906	0.519692
0.916000	0.000737	0.000907	0.518647
0.917000	0.000739	0.000908	0.517604
0.918000	0.000741	0.000909	0.516561
0.919000	0.000743	0.000911	0.515519
0.920000	0.000745	0.000912	0.514478
0.921000	0.000747	0.000913	0.513438
0.922000	0.000749	0.000914	0.512399
0.923000	0.000751	0.000915	0.511361
0.924000	0.000754	0.000917	0.510323
0.925000	0.000756	0.000918	0.509287
0.926000	0.000758	0.000919	0.508251
0.927000	0.000760	0.000920	0.507217
0.928000	0.000762	0.000921	0.506183
0.929000	0.000764	0.000922	0.505150
0.930000	0.000766	0.000924	0.504118
0.931000	0.000768	0.000925	0.503087
0.932000	0.000770	0.000926	0.502057
0.933000	0.000773	0.000927	0.501028
0.934000	0.000775	0.000928	0.500000
0.935000	0.000777	0.000929	0.498973
0.936000	0.000779	0.000931	0.497947
0.937000	0.000781	0.000932	0.496921
0.938000	0.000783	0.000933	0.495897
0.939000	0.000785	0.000934	0.494874
0.940000	0.000787	0.000935	0.493851
0.941000	0.000790	0.000936	0.492829
0.942000	0.000792	0.000938	0.491809
0.943000	0.000794	0.000939	0.490789
0.944000	0.000796	0.000940	0.489770
0.945000	0.000798	0.000941	0.488753
0.946000	0.000800	0.000942	0.487736
0.947000	0.000803	0.000943	0.486720
0.948000	0.000805	0.000944	0.485705
0.949000	0.000807	0.000946	0.484691
0.950000	0.000809	0.000947	0.483678
0.951000	0.000811	0.000948	0.482666
0.952000	0.000813	0.000949	0.481655
0.953000	0.000816	0.000950	0.480645
0.954000	0.000818	0.000951	0.479635
0.955000	0.000820	0.000952	0.478627
0.956000	0.000822	0.000954	0.477620
0.957000	0.000824	0.000955	0.476614
0.958000	0.000827	0.000956	0.475608
0.959000	0.000829	0.000957	0.474604
0.960000	0.000831	0.000958	0.473601
0.961000	0.000833	0.000959	0.472598
0.962000	0.000835	0.000960	0.471597
0.963000	0.000838	0.000961	0.470597
0.964000	0.000840	0.000963	0.469597
0.965000	0.000842	0.000964	0.468599
0.966000	0.000844	0.000965	0.467601
0.967000	0.000846	0.000966	0.466605
0.968000	0.000849	0.000967	0.465610
0.969000	0.000851	0.000968	0.464615
0.970000	0.000853	0.000969	0.463622
0.971000	0.000855	0.000970	0.462629
0.972000	0.000858	0.000972	0.461638
0.973000	0.000860	0.000973	0.460647
0.974000	0.000862	0.000974	0.459658
0.975000	0.000864	0.000975	0.458669
0.976000	0.000867	0.000976	0.457682
0.977000	0.000869	0.000977	0.456695
0.978000	0.000871	0.000978	0.455710
0.979000	0.000873	0.000979	0.454725
0.980000	0.000876	0.000980	0.453742
0.981000	0.000878	0.000982	0.452760
0.982000	0.000880	0.000983	0.451778
0.983000	0.000882	0.000984	0.450798
0.984000	0.000885	0.000985	0.449818
0.985000	0.000887	0.000986	0.448840
0.986000	0.000889	0.000987	0.447863
0.987000	0.000891	0.000988	0.446886
0.988000	0.000894	0.000989	0.445911
0.989000	0.000896	0.000990	0.444937
0.990000	0.000898	0.000991	0.443964
0.991000	0.000901	0.000992	0.442991
0.992000	0.000903	0.000994	0.442020
0.993000	0.000905	0.000995	0.441050
0.994000	0.000907	0.000996	0.440081
0.995000	0.000910	0.000997	0.439113
0.996000	0.000912	0.000998	0.438146
0.997000	0.000914	0.000999	0.437180
0.998000	0.000917	0.001000	0.436215
0.999000	0.000919	0.001001	0.435251
1.000000	0.000921	0.001002	0.434288
1.001000	0.000924	0.001003	0.433326
1.002000	0.000926	0.001004	0.432365
1.003000	0.000928	0.001005	0.431405
1.004000	0.000931	0.001006	0.430447
1.005000	0.000933	0.001008	0.429489
1.006000	0.000935	0.001009	0.428532
1.007000	0.000938	0.001010	0.427577
1.008000	0.000940	0.001011	0.426622
1.009000	0.000942	0.001012	0.425669
1.010000	0.000945	0.001013	0.424716
1.011000	0.000947	0.001014	0.423765
1.012000	0.000949	0.001015	0.422815
1.013000	0.000952	0.001016	0.421866
1.014000	0.000954	0.001017	0.420917
1.015000	0.000956	0.001018	0.419970
1.016000	0.000959	0.001019	0.419024
1.017000	0.000961	0.001020	0.418079
1.018000	0.000964	0.001021	0.417135
1.019000	0.000966	0.001022	0.416192
1.020000	0.000968	0.001023	0.415251
1.021000	0.000971	0.001024	0.414310
1.022000	0.000973	0.001026	0.413370
1.023000	0.000975	0.001027	0.412432
1.024000	0.000978	0.001028	0.411494
1.025000	0.000980	0.001029	0.410558
1.026000	0.000983	0.001030	0.409623
1.027000	0.000985	0.001031	0.408688
1.028000	0.000987	0.001032	0.407755
1.029000	0.000990	0.001033	0.406823
1.030000	0.000992	0.001034	0.405892
1.031000	0.000995	0.001035	0.404962
1.032000	0.000997	0.001036	0.404033
1.033000	0.000999	0.001037	0.403105
1.034000	0.001002	0.001038	0.402179
1.035000	0.001004	0.001039	0.401253
1.036000	0.001007	0.001040	0.400329
1.037000	0.001009	0.001041	0.399405
1.038000	0.001011	0.001042	0.398483
1.039000	0.001014	0.001043	0.397562
1.040000	0.001016	0.001044	0.396642
1.041000	0.001019	0.001045	0.395723
1.042000	0.001021	0.001046	0.394805
1.043000	0.001024	0.001047	0.393888
1.044000	0.001026	0.001048	0.392972
1.045000	0.001028	0.001049	0.392057
1.046000	0.001031	0.001050	0.391144
1.047000	0.001033	0.001051	0.390231
1.048000	0.001036	0.001052	0.389320
1.049000	0.001038	0.001053	0.388410
1.050000	0.001041	0.001054	0.387501
1.051000	0.001043	0.001055	0.386593
1.052000	0.001046	0.001056	0.385686
1.053000	0.001048	0.001057	0.384780
1.054000	0.001051	0.001058	0.383875
1.055000	0.001053	0.001059	0.382972
1.056000	0.001056	0.001060	0.382069
1.057000	0.001058	0.001061	0.381168
1.058000	0.001060	0.001062	0.380268
1.059000	0.001063	0.001063	0.379369
1.060000	0.001065	0.001064	0.378471
1.061000	0.001068	0.001065	0.377574
1.062000	0.001070	0.001066	0.376678
1.063000	0.001073	0.001067	0.375783
1.064000	0.001075	0.001068	0.374890
1.065000	0.001078	0.001069	0.373997
1.066000	0.001080	0.001070	0.373106
1.067000	0.001083	0.001071	0.372216
1.068000	0.001085	0.001072	0.371327
1.069000	0.001088	0.001073	0.370439
1.070000	0.001090	0.001074	0.369552
1.071000	0.001093	0.001075	0.368666
1.072000	0.001095	0.001076	0.367782
1.073000	0.001098	0.001077	0.366898
1.074000	0.001100	0.001078	0.366016
1.075000	0.001103	0.001079	0.365135
1.076000	0.001106	0.001080	0.364255
1.077000	0.001108	0.001081	0.363376
1.078000	0.001111	0.001082	0.362498
1.079000	0.001113	0.001083	0.361622
1.080000	0.001116	0.001084	0.360746
1.081000	0.001118	0.001085	0.359872
1.082000	0.001121	0.001086	0.358999
1.083000	0.001123	0.001087	0.358127
1.084000	0.001126	0.001087	0.357256
1.085000	0.001128	0.001088	0.356386
1.086000	0.001131	0.001089	0.355517
1.087000	0.001133	0.001090	0.354650
1.088000	0.001136	0.001091	0.353783
1.089000	0.001139	0.001092	0.352918
1.090000	0.001141	0.001093	0.352054
1.091000	0.001144	0.001094	0.351191
1.092000	0.001146	0.001095	0.350329
1.093000	0.001149	0.001096	0.349469
1.094000	0.001151	0.001097	0.348609
1.095000	0.001154	0.001098	0.347751
1.096000	0.001157	0.001099	0.346894
1.097000	0.001159	0.001100	0.346037
1.098000	0.001162	0.001101	0.345183
1.099000	0.001164	0.001102	0.344329
1.100000	0.001167	0.001103	0.343476
1.101000	0.001169	0.001103	0.342625
1.102000	0.001172	0.001104	0.341774
1.103000	0.001175	0.001105	0.340925
1.104000	0.001177	0.001106	0.340077
1.105000	0.001180	0.001107	0.339231
1.106000	0.001182	0.001108	0.338385
1.107000	0.001185	0.001109	0.337540
1.108000	0.001188	0.001110	0.336697
1.109000	0.001190	0.001111	0.335855
1.110000	0.001193	0.001112	0.335014
1.111000	0.001195	0.001113	0.334174
1.112000	0.001198	0.001114	0.333335
1.113000	0.001201	0.001114	0.332498
1.114000	0.001203	0.001115	0.331661
1.115000	0.001206	0.001116	0.330826
1.116000	0.001209	0.001117	0.329992
1.117000	0.001211	0.001118	0.329159
1.118000	0.001214	0.001119	0.328327
1.119000	0.001216	0.001120	0.327497
1.120000	0.001219	0.001121	0.326667
1.121000	0.001222	0.001122	0.325839
1.122000	0.001224	0.001123	0.325012
1.123000	0.001227	0.001123	0.324186
1.124000	0.001230	0.001124	0.323361
1.125000	0.001232	0.001125	0.322538
1.126000	0.001235	0.001126	0.321715
1.127000	0.001238	0.001127	0.320894
1.128000	0.001240	0.001128	0.320074
1.129000	0.001243	0.001129	0.319255
1.130000	0.001246	0.001130	0.318437
1.131000	0.001248	0.001130	0.317621
1.132000	0.001251	0.001131	0.316805
1.133000	0.001254	0.001132	0.315991
1.134000	0.001256	0.001133	0.315178
1.135000	0.001259	0.001134	0.314366
1.136000	0.001262	0.001135	0.313555
1.137000	0.001264	0.001136	0.312746
1.138000	0.001267	0.001137	0.311937
1.139000	0.001270	0.001137	0.311130
1.140000	0.001272	0.001138	0.310324
1.141000	0.001275	0.001139	0.309519
1.142000	0.001278	0.001140	0.308716
1.143000	0.001280	0.001141	0.307913
1.144000	0.001283	0.001142	0.307112
1.145000	0.001286	0.001143	0.306312
1.146000	0.001288	0.001143	0.305513
1.147000	0.001291	0.001144	0.304715
1.148000	0.001294	0.001145	0.303919
1.149000	0.001297	0.001146	0.303123
1.150000	0.001299	0.001147	0.302329
1.151000	0.001302	0.001148	0.301536
1.152000	0.001305	0.001149	0.300744
1.153000	0.001307	0.001149	0.299954
1.154000	0.001310	0.001150	0.299164
1.155000	0.001313	0.001151	0.298376
1.156000	0.001316	0.001152	0.297589
1.157000	0.001318	0.001153	0.296803
1.158000	0.001321	0.001154	0.296018
1.159000	0.001324	0.001154	0.295234
1.160000	0.001326	0.001155	0.294452
1.161000	0.001329	0.001156	0.293671
1.162000	0.001332	0.001157	0.292891
1.163000	0.001335	0.001158	0.292112
1.164000	0.001337	0.001159	0.291334
1.165000	0.001340	0.001159	0.290558
1.166000	0.001343	0.001160	0.289783
1.167000	0.001346	0.001161	0.289008
1.168000	0.001348	0.001162	0.288236
1.169000	0.001351	0.001163	0.287464
1.170000	0.001354	0.001163	0.286693
1.171000	0.001357	0.001164	0.285924
1.172000	0.001359	0.001165	0.285156
1.173000	0.001362	0.001166	0.284389
1.174000	0.001365	0.001167	0.283623
1.175000	0.001368	0.001167	0.282858
1.176000	0.001370	0.001168	0.282095
1.177000	0.001373	0.001169	0.281333
1.178000	0.001376	0.001170	0.280572
1.179000	0.001379	0.001171	0.279812
1.180000	0.001382	0.001171	0.279053
1.181000	0.001384	0.001172	0.278296
1.182000	0.001387	0.001173	0.277540
1.183000	0.001390	0.001174	0.276785
1.184000	0.001393	0.001175	0.276031
1.185000	0.001395	0.001175	0.275278
1.186000	0.001398	0.001176	0.274527
1.187000	0.001401	0.001177	0.273776
1.188000	0.001404	0.001178	0.273027
1.189000	0.001407	0.001179	0.272279
1.190000	0.001409	0.001179	0.271533
1.191000	0.001412	0.001180	0.270787
1.192000	0.001415	0.001181	0.270043
1.193000	0.001418	0.001182	0.269300
1.194000	0.001421	0.001182	0.268558
1.195000	0.001423	0.001183	0.267817
1.196000	0.001426	0.001184	0.267077
1.197000	0.001429	0.001185	0.266339
1.198000	0.001432	0.001186	0.265602
1.199000	0.001435	0.001186	0.264866
1.200000	0.001437	0.001187	0.264131
1.201000	0.001440	0.001188	0.263397
1.202000	0.001443	0.001189	0.262665
1.203000	0.001446	0.001189	0.261934
1.204000	0.001449	0.001190	0.261204
1.205000	0.001452	0.001191	0.260475
1.206000	0.001454	0.001192	0.259747
1.207000	0.001457	0.001192	0.259021
1.208000	0.001460	0.001193	0.258295
1.209000	0.001463	0.001194	0.257571
1.210000	0.001466	0.001195	0.256849
1.211000	0.001469	0.001195	0.256127
1.212000	0.001471	0.001196	0.255406
1.213000	0.001474	0.001197	0.254687
1.214000	0.001477	0.001198	0.253969
1.215000	0.001480	0.001198	0.253252
1.216000	0.001483	0.001199	0.252536
1.217000	0.001486	0.001200	0.251822
1.218000	0.001488	0.001201	0.251109
1.219000	0.001491	0.001201	0.250397
1.220000	0.001494	0.001202	0.249686
1.221000	0.001497	0.001203	0.248976
1.222000	0.001500	0.001203	0.248267
1.223000	0.001503	0.001204	0.247560
1.224000	0.001506	0.001205	0.246854
1.225000	0.001508	0.001206	0.246149
1.226000	0.001511	0.001206	0.245445
1.227000	0.001514	0.001207	0.244743
1.228000	0.001517	0.001208	0.244041
1.229000	0.001520	0.001208	0.243341
1.230000	0.001523	0.001209	0.242642
1.231000	0.001526	0.001210	0.241944
1.232000	0.001529	0.001211	0.241248
1.233000	0.001531	0.001211	0.240552
1.234000	0.001534	0.001212	0.239858
1.235000	0.001537	0.001213	0.239165
1.236000	0.001540	0.001213	0.238473
1.237000	0.001543	0.001214	0.237783
1.238000	0.001546	0.001215	0.237093
1.239000	0.001549	0.001216	0.236405
1.240000	0.001552	0.001216	0.235718
1.241000	0.001555	0.001217	0.235032
1.242000	0.001557	0.001218	0.234347
1.243000	0.001560	0.001218	0.233664
1.244000	0.001563	0.001219	0.232982
1.245000	0.001566	0.001220	0.232301
1.246000	0.001569	0.001220	0.231621
1.247000	0.001572	0.001221	0.230942
1.248000	0.001575	0.001222	0.230264
1.249000	0.001578	0.001222	0.229588
1.250000	0.001581	0.001223	0.228913
1.251000	0.001584	0.001224	0.228239
1.252000	0.001586	0.001224	0.227566
1.253000	0.001589	0.001225	0.226895
1.254000	0.001592	0.001226	0.226224
1.255000	0.001595	0.001226	0.225555
1.256000	0.001598	0.001227	0.224887
1.257000	0.001601	0.001228	0.224220
1.258000	0.001604	0.001228	0.223555
1.259000	0.001607	0.001229	0.222890
1.260000	0.001610	0.001230	0.222227
1.261000	0.001613	0.001230	0.221565
1.262000	0.001616	0.001231	0.220904
1.263000	0.001619	0.001232	0.220245
1.264000	0.001622	0.001232	0.219586
1.265000	0.001625	0.001233	0.218929
1.266000	0.001627	0.001234	0.218273
1.267000	0.001630	0.001234	0.217618
1.268000	0.001633	0.001235	0.216964
1.269000	0.001636	0.001236	0.216311
1.270000	0.001639	0.001236	0.215660
1.271000	0.001642	0.001237	0.215010
1.272000	0.001645	0.001238	0.214361
1.273000	0.001648	0.001238	0.213713
1.274000	0.001651	0.001239	0.213066
1.275000	0.001654	0.001240	0.212421
1.276000	0.001657	0.001240	0.211777
1.277000	0.001660	0.001241	0.211134
1.278000	0.001663	0.001241	0.210492
1.279000	0.001666	0.001242	0.209851
1.280000	0.001669	0.001243	0.209212
1.281000	0.001672	0.001243	0.208573
1.282000	0.001675	0.001244	0.207936
1.283000	0.001678	0.001245	0.207300
1.284000	0.001681	0.001245	0.206665
1.285000	0.001684	0.001246	0.206032
1.286000	0.001687	0.001246	0.205399
1.287000	0.001690	0.001247	0.204768
1.288000	0.001693	0.001248	0.204138
1.289000	0.001696	0.001248	0.203509
1.290000	0.001699	0.001249	0.202881
1.291000	0.001701	0.001250	0.202255
1.292000	0.001704	0.001250	0.201630
1.293000	0.001707	0.001251	0.201005
1.294000	0.001710	0.001251	0.200382
1.295000	0.001713	0.001252	0.199761
1.296000	0.001716	0.001253	0.199140
1.297000	0.001719	0.001253	0.198521
1.298000	0.001722	0.001254	0.197902
1.299000	0.001725	0.001254	0.197285
1.300000	0.001728	0.001255	0.196669
1.301000	0.001731	0.001256	0.196054
1.302000	0.001734	0.001256	0.195441
1.303000	0.001737	0.001257	0.194828
1.304000	0.001740	0.001257	0.194217
1.305000	0.001743	0.001258	0.193607
1.306000	0.001746	0.001259	0.192998
1.307000	0.001749	0.001259	0.192391
1.308000	0.001752	0.001260	0.191784
1.309000	0.001755	0.001260	0.191179
1.310000	0.001758	0.001261	0.190574
1.311000	0.001761	0.001261	0.189971
1.312000	0.001764	0.001262	0.189370
1.313000	0.001767	0.001263	0.188769
1.314000	0.001770	0.001263	0.188169
1.315000	0.001773	0.001264	0.187571
1.316000	0.001776	0.001264	0.186974
1.317000	0.001779	0.001265	0.186378
1.318000	0.001783	0.001266	0.185783
1.319000	0.001786	0.001266	0.185189
1.320000	0.001789	0.001267	0.184597
1.321000	0.001792	0.001267	0.184005
1.322000	0.001795	0.001268	0.183415
1.323000	0.001798	0.001268	0.182826
1.324000	0.001801	0.001269	0.182238
1.325000	0.001804	0.001269	0.181651
1.326000	0.001807	0.001270	0.181066
1.327000	0.001810	0.001271	0.180482
1.328000	0.001813	0.001271	0.179898
1.329000	0.001816	0.001272	0.179316
1.330000	0.001819	0.001272	0.178735
1.331000	0.001822	0.001273	0.178156
1.332000	0.001825	0.001273	0.177577
1.333000	0.001828	0.001274	0.177000
1.334000	0.001831	0.001274	0.176423
1.335000	0.001834	0.001275	0.175848
1.336000	0.001837	0.001275	0.175274
1.337000	0.001840	0.001276	0.174701
1.338000	0.001843	0.001277	0.174130
1.339000	0.001846	0.001277	0.173559
1.340000	0.001849	0.001278	0.172990
1.341000	0.001852	0.001278	0.172422
1.342000	0.001855	0.001279	0.171855
1.343000	0.001858	0.001279	0.171289
1.344000	0.001862	0.001280	0.170724
1.345000	0.001865	0.001280	0.170161
1.346000	0.001868	0.001281	0.169598
1.347000	0.001871	0.001281	0.169037
1.348000	0.001874	0.001282	0.168477
1.349000	0.001877	0.001282	0.167918
1.350000	0.001880	0.001283	0.167360
1.351000	0.001883	0.001283	0.166803
1.352000	0.001886	0.001284	0.166248
1.353000	0.001889	0.001284	0.165693
1.354000	0.001892	0.001285	0.165140
1.355000	0.001895	0.001285	0.164588
1.356000	0.001898	0.001286	0.164037
1.357000	0.001901	0.001286	0.163487
1.358000	0.001904	0.001287	0.162939
1.359000	0.001907	0.001288	0.162391
1.360000	0.001911	0.001288	0.161845
1.361000	0.001914	0.001289	0.161299
1.362000	0.001917	0.001289	0.160755
1.363000	0.001920	0.001290	0.160212
1.364000	0.001923	0.001290	0.159671
1.365000	0.001926	0.001291	0.159130
1.366000	0.001929	0.001291	0.158590
1.367000	0.001932	0.001291	0.158052
1.368000	0.001935	0.001292	0.157515
1.369000	0.001938	0.001292	0.156978
1.370000	0.001941	0.001293	0.156443
1.371000	0.001944	0.001293	0.155910
1.372000	0.001948	0.001294	0.155377
1.373000	0.001951	0.001294	0.154845
1.374000	0.001954	0.001295	0.154315
1.375000	0.001957	0.001295	0.153785
1.376000	0.001960	0.001296	0.153257
1.377000	0.001963	0.001296	0.152730
1.378000	0.001966	0.001297	0.152204
1.379000	0.001969	0.001297	0.151679
1.380000	0.001972	0.001298	0.151155
1.381000	0.001975	0.001298	0.150633
1.382000	0.001979	0.001299	0.150111
1.383000	0.001982	0.001299	0.149591
1.384000	0.001985	0.001300	0.149072
1.385000	0.001988	0.001300	0.148554
1.386000	0.001991	0.001301	0.148037
1.387000	0.001994	0.001301	0.147521
1.388000	0.001997	0.001302	0.147006
1.389000	0.002000	0.001302	0.146492
1.390000	0.002003	0.001302	0.145980
1.391000	0.002006	0.001303	0.145469
1.392000	0.002010	0.001303	0.144958
1.393000	0.002013	0.001304	0.144449
1.394000	0.002016	0.001304	0.143941
1.395000	0.002019	0.001305	0.143434
1.396000	0.002022	0.001305	0.142928
1.397000	0.002025	0.001306	0.142424
1.398000	0.002028	0.001306	0.141920
1.399000	0.002031	0.001306	0.141418
1.400000	0.002034	0.001307	0.140916
1.401000	0.002038	0.001307	0.140416
1.402000	0.002041	0.001308	0.139917
1.403000	0.002044	0.001308	0.139419
1.404000	0.002047	0.001309	0.138922
1.405000	0.002050	0.001309	0.138426
1.406000	0.002053	0.001310	0.137931
1.407000	0.002056	0.001310	0.137438
1.408000	0.002059	0.001310	0.136945
1.409000	0.002063	0.001311	0.136454
1.410000	0.002066	0.001311	0.135963
1.411000	0.002069	0.001312	0.135474
1.412000	0.002072	0.001312	0.134986
1.413000	0.002075	0.001313	0.134499
1.414000	0.002078	0.001313	0.134013
1.415000	0.002081	0.001313	0.133528
1.416000	0.002085	0.001314	0.133044
1.417000	0.002088	0.001314	0.132562
1.418000	0.002091	0.001315	0.132080
1.419000	0.002094	0.001315	0.131600
1.420000	0.002097	0.001316	0.131120
1.421000	0.002100	0.001316	0.130642
1.422000	0.002103	0.001316	0.130165
1.423000	0.002106	0.001317	0.129689
1.424000	0.002110	0.001317	0.129214
1.425000	0.002113	0.001318	0.128740
1.426000	0.002116	0.001318	0.128267
1.427000	0.002119	0.001318	0.127795
1.428000	0.002122	0.001319	0.127325
1.429000	0.002125	0.001319	0.126855
1.430000	0.002128	0.001320	0.126387
1.431000	0.002132	0.001320	0.125919
1.432000	0.002135	0.001320	0.125453
1.433000	0.002138	0.001321	0.124988
1.434000	0.002141	0.001321	0.124524
1.435000	0.002144	0.001322	0.124060
1.436000	0.002147	0.001322	0.123598
1.437000	0.002151	0.001322	0.123138
1.438000	0.002154	0.001323	0.122678
1.439000	0.002157	0.001323	0.122219
1.440000	0.002160	0.001324	0.121761
1.441000	0.002163	0.001324	0.121304
1.442000	0.002166	0.001324	0.120849
1.443000	0.002169	0.001325	0.120394
1.444000	0.002173	0.001325	0.119941
1.445000	0.002176	0.001325	0.119489
1.446000	0.002179	0.001326	0.119037
1.447000	0.002182	0.001326	0.118587
1.448000	0.002185	0.001327	0.118138
1.449000	0.002188	0.001327	0.117690
1.450000	0.002192	0.001327	0.117243
1.451000	0.002195	0.001328	0.116797
1.452000	0.002198	0.001328	0.116352
1.453000	0.002201	0.001328	0.115908
1.454000	0.002204	0.001329	0.115465
1.455000	0.002207	0.001329	0.115024
1.456000	0.002211	0.001330	0.114583
1.457000	0.002214	0.001330	0.114143
1.458000	0.002217	0.001330	0.113705
1.459000	0.002220	0.001331	0.113267
1.460000	0.002223	0.001331	0.112831
1.461000	0.002226	0.001331	0.112395
1.462000	0.002230	0.001332	0.111961
1.463000	0.002233	0.001332	0.111528
1.464000	0.002236	0.001332	0.111095
1.465000	0.002239	0.001333	0.110664
1.466000	0.002242	0.001333	0.110234
1.467000	0.002245	0.001333	0.109805
1.468000	0.002249	0.001334	0.109377
1.469000	0.002252	0.001334	0.108950
1.470000	0.002255	0.001335	0.108524
1.471000	0.002258	0.001335	0.108099
1.472000	0.002261	0.001335	0.107675
1.473000	0.002264	0.001336	0.107252
1.474000	0.002268	0.001336	0.106830
1.475000	0.002271	0.001336	0.106409
1.476000	0.002274	0.001337	0.105990
1.477000	0.002277	0.001337	0.105571
1.478000	0.002280	0.001337	0.105153
1.479000	0.002284	0.001338	0.104737
1.480000	0.002287	0.001338	0.104321
1.481000	0.002290	0.001338	0.103906
1.482000	0.002293	0.001339	0.103493
1.483000	0.002296	0.001339	0.103080
1.484000	0.002299	0.001339	0.102669
1.485000	0.002303	0.001340	0.102258
1.486000	0.002306	0.001340	0.101849
1.487000	0.002309	0.001340	0.101440
1.488000	0.002312	0.001341	0.101033
1.489000	0.002315	0.001341	0.100627
1.490000	0.002319	0.001341	0.100221
1.491000	0.002322	0.001342	0.099817
1.492000	0.002325	0.001342	0.099414
1.493000	0.002328	0.001342	0.099011
1.494000	0.002331	0.001342	0.098610
1.495000	0.002335	0.001343	0.098210
1.496000	0.002338	0.001343	0.097810
1.497000	0.002341	0.001343	0.097412
1.498000	0.002344	0.001344	0.097015
1.499000	0.002347	0.001344	0.096619
1.500000	0.002350	0.001344	0.096223
1.501000	0.002354	0.001345	0.095829
1.502000	0.002357	0.001345	0.095436
1.503000	0.002360	0.001345	0.095044
1.504000	0.002363	0.001346	0.094653
1.505000	0.002366	0.001346	0.094262
1.506000	0.002370	0.001346	0.093873
1.507000	0.002373	0.001346	0.093485
1.508000	0.002376	0.001347	0.093098
1.509000	0.002379	0.001347	0.092712
1.510000	0.002382	0.001347	0.092327
1.511000	0.002386	0.001348	0.091942
1.512000	0.002389	0.001348	0.091559
1.513000	0.002392	0.001348	0.091177
1.514000	0.002395	0.001349	0.090796
1.515000	0.002398	0.001349	0.090416
1.516000	0.002402	0.001349	0.090036
1.517000	0.002405	0.001349	0.089658
1.518000	0.002408	0.001350	0.089281
1.519000	0.002411	0.001350	0.088905
1.520000	0.002414	0.001350	0.088529
1.521000	0.002418	0.001351	0.088155
1.522000	0.002421	0.001351	0.087782
1.523000	0.002424	0.001351	0.087409
1.524000	0.002427	0.001351	0.087038
1.525000	0.002430	0.001352	0.086668
1.526000	0.002434	0.001352	0.086298
1.527000	0.002437	0.001352	0.085930
1.528000	0.002440	0.001353	0.085563
1.529000	0.002443	0.001353	0.085196
1.530000	0.002447	0.001353	0.084831
1.531000	0.002450	0.001353	0.084466
1.532000	0.002453	0.001354	0.084103
1.533000	0.002456	0.001354	0.083740
1.534000	0.002459	0.001354	0.083379
1.535000	0.002463	0.001354	0.083018
1.536000	0.002466	0.001355	0.082658
1.537000	0.002469	0.001355	0.082300
1.538000	0.002472	0.001355	0.081942
1.539000	0.002475	0.001355	0.081585
1.540000	0.002479	0.001356	0.081229
1.541000	0.002482	0.001356	0.080874
1.542000	0.002485	0.001356	0.080521
1.543000	0.002488	0.001357	0.080168
1.544000	0.002491	0.001357	0.079816
1.545000	0.002495	0.001357	0.079465
1.546000	0.002498	0.001357	0.079115
1.547000	0.002501	0.001358	0.078766
1.548000	0.002504	0.001358	0.078418
1.549000	0.002507	0.001358	0.078070
1.550000	0.002511	0.001358	0.077724
1.551000	0.002514	0.001359	0.077379
1.552000	0.002517	0.001359	0.077034
1.553000	0.002520	0.001359	0.076691
1.554000	0.002524	0.001359	0.076349
1.555000	0.002527	0.001360	0.076007
1.556000	0.002530	0.001360	0.075667
1.557000	0.002533	0.001360	0.075327
1.558000	0.002536	0.001360	0.074988
1.559000	0.002540	0.001361	0.074651
1.560000	0.002543	0.001361	0.074314
1.561000	0.002546	0.001361	0.073978
1.562000	0.002549	0.001361	0.073643
1.563000	0.002553	0.001361	0.073309
1.564000	0.002556	0.001362	0.072976
1.565000	0.002559	0.001362	0.072644
1.566000	0.002562	0.001362	0.072313
1.567000	0.002565	0.001362	0.071982
1.568000	0.002569	0.001363	0.071653
1.569000	0.002572	0.001363	0.071325
1.570000	0.002575	0.001363	0.070997
1.571000	0.002578	0.001363	0.070671
1.572000	0.002581	0.001364	0.070345
1.573000	0.002585	0.001364	0.070020
1.574000	0.002588	0.001364	0.069696
1.575000	0.002591	0.001364	0.069374
1.576000	0.002594	0.001364	0.069052
1.577000	0.002598	0.001365	0.068731
1.578000	0.002601	0.001365	0.068410
1.579000	0.002604	0.001365	0.068091
1.580000	0.002607	0.001365	0.067773
1.581000	0.002610	0.001366	0.067456
1.582000	0.002614	0.001366	0.067139
1.583000	0.002617	0.001366	0.066824
1.584000	0.002620	0.001366	0.066509
1.585000	0.002623	0.001366	0.066195
1.586000	0.002627	0.001367	0.065882
1.587000	0.002630	0.001367	0.065570
1.588000	0.002633	0.001367	0.065259
1.589000	0.002636	0.001367	0.064949
1.590000	0.002639	0.001367	0.064640
1.591000	0.002643	0.001368	0.064332
1.592000	0.002646	0.001368	0.064024
1.593000	0.002649	0.001368	0.063718
1.594000	0.002652	0.001368	0.063412
1.595000	0.002656	0.001369	0.063107
1.596000	0.002659	0.001369	0.062803
1.597000	0.002662	0.001369	0.062500
1.598000	0.002665	0.001369	0.062198
1.599000	0.002669	0.001369	0.061897
1.600000	0.002672	0.001370	0.061597
1.601000	0.002675	0.001370	0.061297
1.602000	0.002678	0.001370	0.060999
1.603000	0.002681	0.001370	0.060701
1.604000	0.002685	0.001370	0.060404
1.605000	0.002688	0.001371	0.060108
1.606000	0.002691	0.001371	0.059813
1.607000	0.002694	0.001371	0.059519
1.608000	0.002698	0.001371	0.059226
1.609000	0.002701	0.001371	0.058934
1.610000	0.002704	0.001371	0.058642
1.611000	0.002707	0.001372	0.058351
1.612000	0.002710	0.001372	0.058062
1.613000	0.002714	0.001372	0.057773
1.614000	0.002717	0.001372	0.057485
1.615000	0.002720	0.001372	0.057198
1.616000	0.002723	0.001373	0.056911
1.617000	0.002727	0.001373	0.056626
1.618000	0.002730	0.001373	0.056341
1.619000	0.002733	0.001373	0.056058
1.620000	0.002736	0.001373	0.055775
1.621000	0.002740	0.001374	0.055493
1.622000	0.002743	0.001374	0.055212
1.623000	0.002746	0.001374	0.054931
1.624000	0.002749	0.001374	0.054652
1.625000	0.002752	0.001374	0.054373
1.626000	0.002756	0.001374	0.054096
1.627000	0.002759	0.001375	0.053819
1.628000	0.002762	0.001375	0.053543
1.629000	0.002765	0.001375	0.053268
1.630000	0.002769	0.001375	0.052993
1.631000	0.002772	0.001375	0.052720
1.632000	0.002775	0.001375	0.052447
1.633000	0.002778	0.001376	0.052176
1.634000	0.002781	0.001376	0.051905
1.635000	0.002785	0.001376	0.051635
1.636000	0.002788	0.001376	0.051365
1.637000	0.002791	0.001376	0.051097
1.638000	0.002794	0.001376	0.050829
1.639000	0.002798	0.001377	0.050563
1.640000	0.002801	0.001377	0.050297
1.641000	0.002804	0.001377	0.050032
1.642000	0.002807	0.001377	0.049767
1.643000	0.002811	0.001377	0.049504
1.644000	0.002814	0.001377	0.049241
1.645000	0.002817	0.001378	0.048980
1.646000	0.002820	0.001378	0.048719
1.647000	0.002823	0.001378	0.048459
1.648000	0.002827	0.001378	0.048199
1.649000	0.002830	0.001378	0.047941
1.650000	0.002833	0.001378	0.047683
1.651000	0.002836	0.001379	0.047426
1.652000	0.002840	0.001379	0.047170
1.653000	0.002843	0.001379	0.046915
1.654000	0.002846	0.001379	0.046661
1.655000	0.002849	0.001379	0.046407
1.656000	0.002853	0.001379	0.046154
1.657000	0.002856	0.001379	0.045903
1.658000	0.002859	0.001380	0.045651
1.659000	0.002862	0.001380	0.045401
1.660000	0.002865	0.001380	0.045152
1.661000	0.002869	0.001380	0.044903
1.662000	0.002872	0.001380	0.044655
1.663000	0.002875	0.001380	0.044408
1.664000	0.002878	0.001380	0.044162
1.665000	0.002882	0.001381	0.043916
1.666000	0.002885	0.001381	0.043671
1.667000	0.002888	0.001381	0.043428
1.668000	0.002891	0.001381	0.043184
1.669000	0.002895	0.001381	0.042942
1.670000	0.002898	0.001381	0.042701
1.671000	0.002901	0.001381	0.042460
1.672000	0.002904	0.001382	0.042220
1.673000	0.002907	0.001382	0.041981
1.674000	0.002911	0.001382	0.041743
1.675000	0.002914	0.001382	0.041505
1.676000	0.002917	0.001382	0.041268
1.677000	0.002920	0.001382	0.041032
1.678000	0.002924	0.001382	0.040797
1.679000	0.002927	0.001382	0.040563
1.680000	0.002930	0.001383	0.040329
1.681000	0.002933	0.001383	0.040096
1.682000	0.002937	0.001383	0.039864
1.683000	0.002940	0.001383	0.039633
1.684000	0.002943	0.001383	0.039402
1.685000	0.002946	0.001383	0.039172
1.686000	0.002949	0.001383	0.038944
1.687000	0.002953	0.001384	0.038715
1.688000	0.002956	0.001384	0.038488
1.689000	0.002959	0.001384	0.038261
1.690000	0.002962	0.001384	0.038035
1.691000	0.002966	0.001384	0.037810
1.692000	0.002969	0.001384	0.037586
1.693000	0.002972	0.001384	0.037362
1.694000	0.002975	0.001384	0.037139
1.695000	0.002978	0.001385	0.036917
1.696000	0.002982	0.001385	0.036696
1.697000	0.002985	0.001385	0.036475
1.698000	0.002988	0.001385	0.036255
1.699000	0.002991	0.001385	0.036036
1.700000	0.002995	0.001385	0.035818
1.701000	0.002998	0.001385	0.035600
1.702000	0.003001	0.001385	0.035384
1.703000	0.003004	0.001385	0.035168
1.704000	0.003008	0.001386	0.034952
1.705000	0.003011	0.001386	0.034738
1.706000	0.003014	0.001386	0.034524
1.707000	0.003017	0.001386	0.034311
1.708000	0.003020	0.001386	0.034098
1.709000	0.003024	0.001386	0.033887
1.710000	0.003027	0.001386	0.033676
1.711000	0.003030	0.001386	0.033466
1.712000	0.003033	0.001386	0.033256
1.713000	0.003037	0.001387	0.033048
1.714000	0.003040	0.001387	0.032840
1.715000	0.003043	0.001387	0.032633
1.716000	0.003046	0.001387	0.032426
1.717000	0.003050	0.001387	0.032221
1.718000	0.003053	0.001387	0.032016
1.719000	0.003056	0.001387	0.031811
1.720000	0.003059	0.001387	0.031608
1.721000	0.003062	0.001387	0.031405
1.722000	0.003066	0.001387	0.031203
1.723000	0.003069	0.001388	0.031001
1.724000	0.003072	0.001388	0.030801
1.725000	0.003075	0.001388	0.030601
1.726000	0.003079	0.001388	0.030402
1.727000	0.003082	0.001388	0.030203
1.728000	0.003085	0.001388	0.030005
1.729000	0.003088	0.001388	0.029808
1.730000	0.003091	0.001388	0.029612
1.731000	0.003095	0.001388	0.029416
1.732000	0.003098	0.001388	0.029221
1.733000	0.003101	0.001389	0.029027
1.734000	0.003104	0.001389	0.028834
1.735000	0.003108	0.001389	0.028641
1.736000	0.003111	0.001389	0.028449
1.737000	0.003114	0.001389	0.028257
1.738000	0.003117	0.001389	0.028067
1.739000	0.003120	0.001389	0.027877
1.740000	0.003124	0.001389	0.027687
1.741000	0.003127	0.001389	0.027499
1.742000	0.003130	0.001389	0.027311
1.743000	0.003133	0.001389	0.027123
1.744000	0.003137	0.001390	0.026937
1.745000	0.003140	0.001390	0.026751
1.746000	0.003143	0.001390	0.026566
1.747000	0.003146	0.001390	0.026381
1.748000	0.003149	0.001390	0.026198
1.749000	0.003153	0.001390	0.026015
1.750000	0.003156	0.001390	0.025832
1.751000	0.003159	0.001390	0.025650
1.752000	0.003162	0.001390	0.025469
1.753000	0.003166	0.001390	0.025289
1.754000	0.003169	0.001390	0.025109
1.755000	0.003172	0.001390	0.024930
1.756000	0.003175	0.001391	0.024752
1.757000	0.003178	0.001391	0.024574
1.758000	0.003182	0.001391	0.024397
1.759000	0.003185	0.001391	0.024221
1.760000	0.003188	0.001391	0.024046
1.761000	0.003191	0.001391	0.023871
1.762000	0.003195	0.001391	0.023696
1.763000	0.003198	0.001391	0.023523
1.764000	0.003201	0.001391	0.023350
1.765000	0.003204	0.001391	0.023177
1.766000	0.003207	0.001391	0.023006
1.767000	0.003211	0.001391	0.022835
1.768000	0.003214	0.001391	0.022665
1.769000	0.003217	0.001392	0.022495
1.770000	0.003220	0.001392	0.022326
1.771000	0.003224	0.001392	0.022158
1.772000	0.003227	0.001392	0.021990
1.773000	0.003230	0.001392	0.021823
1.774000	0.003233	0.001392	0.021656
1.775000	0.003236	0.001392	0.021491
1.776000	0.003240	0.001392	0.021326
1.777000	0.003243	0.001392	0.021161
1.778000	0.003246	0.001392	0.020998
1.779000	0.003249	0.001392	0.020834
1.780000	0.003253	0.001392	0.020672
1.781000	0.003256	0.001392	0.020510
1.782000	0.003259	0.001392	0.020349
1.783000	0.003262	0.001393	0.020188
1.784000	0.003265	0.001393	0.020028
1.785000	0.003269	0.001393	0.019869
1.786000	0.003272	0.001393	0.019710
1.787000	0.003275	0.001393	0.019552
1.788000	0.003278	0.001393	0.019395
1.789000	0.003281	0.001393	0.019238
1.790000	0.003285	0.001393	0.019082
1.791000	0.003288	0.001393	0.018927
1.792000	0.003291	0.001393	0.018772
1.793000	0.003294	0.001393	0.018618
1.794000	0.003298	0.001393	0.018464
1.795000	0.003301	0.001393	0.018311
1.796000	0.003304	0.001393	0.018159
1.797000	0.003307	0.001393	0.018007
1.798000	0.003310	0.001393	0.017856
1.799000	0.003314	0.001393	0.017705
1.800000	0.003317	0.001394	0.017555
1.801000	0.003320	0.001394	0.017406
1.802000	0.003323	0.001394	0.017257
1.803000	0.003327	0.001394	0.017109
1.804000	0.003330	0.001394	0.016962
1.805000	0.003333	0.001394	0.016815
1.806000	0.003336	0.001394	0.016669
1.807000	0.003339	0.001394	0.016523
1.808000	0.003343	0.001394	0.016378
1.809000	0.003346	0.001394	0.016234
1.810000	0.003349	0.001394	0.016090
1.811000	0.003352	0.001394	0.015947
1.812000	0.003355	0.001394	0.015804
1.813000	0.003359	0.001394	0.015662
1.814000	0.003362	0.001394	0.015521
1.815000	0.003365	0.001394	0.015380
1.816000	0.003368	0.001394	0.015240
1.817000	0.003371	0.001394	0.015100
1.818000	0.003375	0.001394	0.014961
1.819000	0.003378	0.001395	0.014823
1.820000	0.003381	0.001395	0.014685
1.821000	0.003384	0.001395	0.014548
1.822000	0.003388	0.001395	0.014411
1.823000	0.003391	0.001395	0.014275
1.824000	0.003394	0.001395	0.014140
1.825000	0.003397	0.001395	0.014005
1.826000	0.003400	0.001395	0.013870
1.827000	0.003404	0.001395	0.013737
1.828000	0.003407	0.001395	0.013604
1.829000	0.003410	0.001395	0.013471
1.830000	0.003413	0.001395	0.013339
1.831000	0.003416	0.001395	0.013208
1.832000	0.003420	0.001395	0.013077
1.833000	0.003423	0.001395	0.012947
1.834000	0.003426	0.001395	0.012817
1.835000	0.003429	0.001395	0.012688
1.836000	0.003432	0.001395	0.012559
1.837000	0.003436	0.001395	0.012431
1.838000	0.003439	0.001395	0.012304
1.839000	0.003442	0.001395	0.012177
1.840000	0.003445	0.001395	0.012051
1.841000	0.003448	0.001395	0.011925
1.842000	0.003452	0.001396	0.011800
1.843000	0.003455	0.001396	0.011675
1.844000	0.003458	0.001396	0.011551
1.845000	0.003461	0.001396	0.011427
1.846000	0.003465	0.001396	0.011305
1.847000	0.003468	0.001396	0.011182
1.848000	0.003471	0.001396	0.011060
1.849000	0.003474	0.001396	0.010939
1.850000	0.003477	0.001396	0.010818
1.851000	0.003481	0.001396	0.010698
1.852000	0.003484	0.001396	0.010579
1.853000	0.003487	0.001396	0.010459
1.854000	0.003490	0.001396	0.010341
1.855000	0.003493	0.001396	0.010223
1.856000	0.003497	0.001396	0.010105
1.857000	0.003500	0.001396	0.009989
1.858000	0.003503	0.001396	0.009872
1.859000	0.003506	0.001396	0.009756
1.860000	0.003509	0.001396	0.009641
1.861000	0.003513	0.001396	0.009526
1.862000	0.003516	0.001396	0.009412
1.863000	0.003519	0.001396	0.009298
1.864000	0.003522	0.001396	0.009185
1.865000	0.003525	0.001396	0.009073
1.866000	0.003529	0.001396	0.008961
1.867000	0.003532	0.001396	0.008849
1.868000	0.003535	0.001396	0.008738
1.869000	0.003538	0.001396	0.008627
1.870000	0.003541	0.001396	0.008517
1.871000	0.003545	0.001396	0.008408
1.872000	0.003548	0.001396	0.008299
1.873000	0.003551	0.001397	0.008191
1.874000	0.003554	0.001397	0.008083
1.875000	0.003557	0.001397	0.007975
1.876000	0.003561	0.001397	0.007868
1.877000	0.003564	0.001397	0.007762
1.878000	0.003567	0.001397	0.007656
1.879000	0.003570	0.001397	0.007551
1.880000	0.003573	0.001397	0.007446
1.881000	0.003577	0.001397	0.007342
1.882000	0.003580	0.001397	0.007238
1.883000	0.003583	0.001397	0.007135
1.884000	0.003586	0.001397	0.007032
1.885000	0.003589	0.001397	0.006930
1.886000	0.003593	0.001397	0.006828
1.887000	0.003596	0.001397	0.006727
1.888000	0.003599	0.001397	0.006626
1.889000	0.003602	0.001397	0.006526
1.890000	0.003605	0.001397	0.006426
1.891000	0.003609	0.001397	0.006327
1.892000	0.003612	0.001397	0.006228
1.893000	0.003615	0.001397	0.006130
1.894000	0.003618	0.001397	0.006032
1.895000	0.003621	0.001397	0.005935
1.896000	0.003625	0.001397	0.005838
1.897000	0.003628	0.001397	0.005742
1.898000	0.003631	0.001397	0.005646
1.899000	0.003634	0.001397	0.005550
1.900000	0.003637	0.001397	0.005456
1.901000	0.003640	0.001397	0.005361
1.902000	0.003644	0.001397	0.005267
1.903000	0.003647	0.001397	0.005174
1.904000	0.003650	0.001397	0.005081
1.905000	0.003653	0.001397	0.004989
1.906000	0.003656	0.001397	0.004897
1.907000	0.003660	0.001397	0.004805
1.908000	0.003663	0.001397	0.004714
1.909000	0.003666	0.001397	0.004624
1.910000	0.003669	0.001397	0.004534
1.911000	0.003672	0.001397	0.004444
1.912000	0.003676	0.001397	0.004355
1.913000	0.003679	0.001397	0.004266
1.914000	0.003682	0.001397	0.004178
1.915000	0.003685	0.001397	0.004091
1.916000	0.003688	0.001397	0.004003
1.917000	0.003692	0.001397	0.003917
1.918000	0.003695	0.001397	0.003830
1.919000	0.003698	0.001397	0.003745
1.920000	0.003701	0.001397	0.003659
1.921000	0.003704	0.001397	0.003574
1.922000	0.003708	0.001397	0.003490
1.923000	0.003711	0.001397	0.003406
1.924000	0.003714	0.001397	0.003322
1.925000	0.003717	0.001397	0.003239
1.926000	0.003720	0.001397	0.003157
1.927000	0.003723	0.001397	0.003074
1.928000	0.003727	0.001397	0.002993
1.929000	0.003730	0.001397	0.002911
1.930000	0.003733	0.001398	0.002831
1.931000	0.003736	0.001398	0.002750
1.932000	0.003739	0.001398	0.002670
1.933000	0.003743	0.001398	0.002591
1.934000	0.003746	0.001398	0.002512
1.935000	0.003749	0.001398	0.002433
1.936000	0.003752	0.001398	0.002355
1.937000	0.003755	0.001398	0.002277
1.938000	0.003759	0.001398	0.002200
1.939000	0.003762	0.001398	0.002123
1.940000	0.003765	0.001398	0.002047
1.941000	0.003768	0.001398	0.001971
1.942000	0.003771	0.001398	0.001895
1.943000	0.003774	0.001398	0.001820
1.944000	0.003778	0.001398	0.001746
1.945000	0.003781	0.001398	0.001671
1.946000	0.003784	0.001398	0.001598
1.947000	0.003787	0.001398	0.001524
1.948000	0.003790	0.001398	0.001451
1.949000	0.003794	0.001398	0.001379
1.950000	0.003797	0.001398	0.001307
1.951000	0.003800	0.001398	0.001235
1.952000	0.003803	0.001398	0.001164
1.953000	0.003806	0.001398	0.001093
1.954000	0.003809	0.001398	0.001023
1.955000	0.003813	0.001398	0.000953
1.956000	0.003816	0.001398	0.000883
1.957000	0.003819	0.001398	0.000814
1.958000	0.003822	0.001398	0.000745
1.959000	0.003825	0.001398	0.000677
1.960000	0.003829	0.001398	0.000609
1.961000	0.003832	0.001398	0.000542
1.962000	0.003835	0.001398	0.000474
1.963000	0.003838	0.001398	0.000408
1.964000	0.003841	0.001398	0.000342
1.965000	0.003844	0.001398	0.000276
1.966000	0.003848	0.001398	0.000210
1.967000	0.003851	0.001398	0.000145
1.968000	0.003854	0.001398	0.000081
1.969000	0.003857	0.001398	0.000016
1.970000	0.003860	0.001398	-0.000047
1.971000	0.003864	0.001398	-0.000111
1.972000	0.003867	0.001398	-0.000174
1.973000	0.003870	0.001398	-0.000237
1.974000	0.003873	0.001398	-0.000299
1.975000	0.003876	0.001398	-0.000361
1.976000	0.003879	0.001398	-0.000422
1.977000	0.003883	0.001398	-0.000483
1.978000	0.003886	0.001398	-0.000544
1.979000	0.003889	0.001398	-0.000604
1.980000	0.003892	0.001398	-0.000664
1.981000	0.003895	0.001398	-0.000723
1.982000	0.003899	0.001398	-0.000783
1.983000	0.003902	0.001398	-0.000841
1.984000	0.003905	0.001398	-0.000900
1.985000	0.003908	0.001398	-0.000958
1.986000	0.003911	0.001398	-0.001015
1.987000	0.003914	0.001398	-0.001072
1.988000	0.003918	0.001398	-0.001129
1.989000	0.003921	0.001398	-0.001186
1.990000	0.003924	0.001398	-0.001242
1.991000	0.003927	0.001398	-0.001297
1.992000	0.003930	0.001398	-0.001353
1.993000	0.003933	0.001398	-0.001408
1.994000	0.003937	0.001398	-0.001462
1.995000	0.003940	0.001398	-0.001516
1.996000	0.003943	0.001398	-0.001570
1.997000	0.003946	0.001398	-0.001623
1.998000	0.003949	0.001398	-0.001677
1.999000	0.003953	0.001398	-0.001729
2.000000	0.003956	0.001398	-0.001782
2.001000	0.003959	0.001398	-0.001834
2.002000	0.003962	0.001398	-0.001885
2.003000	0.003965	0.001398	-0.001936
2.004000	0.003968	0.001398	-0.001987
2.005000	0.003972	0.001398	-0.002038
2.006000	0.003975	0.001398	-0.002088
2.007000	0.003978	0.001398	-0.002138
2.008000	0.003981	0.001398	-0.002187
2.009000	0.003984	0.001398	-0.002236
2.010000	0.003987	0.001398	-0.002285
2.011000	0.003991	0.001398	-0.002333
2.012000	0.003994	0.001398	-0.002381
2.013000	0.003997	0.001398	-0.002429
2.014000	0.004000	0.001397	-0.002476
2.015000	0.004003	0.001397	-0.002523
2.016000	0.004006	0.001397	-0.002570
2.017000	0.004010	0.001397	-0.002616
2.018000	0.004013	0.001397	-0.002662
